6036 6035 6034 6032
6038 6015 6005 6012
6038 6035 6013 5994
6035 6024 6023 6016
6034 6035 6023 6020
6038 6035 6031 6023
6027 6020 6019 6017
6038 6036 6030 6031
6035 6031 6024 6020
6039 6038 6036 6030
6015 6010 6003 5999
6038 6013 5924 5953
6010 5985 5980 6015
6021 6020 6014 6015
6013 6012 5992 5989
6038 6035 6039 6021
6035 6029 6028 6022
6035 6014 6015 5979
6035 5995 5987 5985
6035 6029 6021 6020
6035 6026 6015 6024
6035 6005 5980 5981
6038 6034 6030 6029
6039 6036 6034 6033
6006 5999 5960 5880
6038 6024 6005 5999
6038 6036 6034 6035
6034 6026 6024 6013
6008 5867 5751 5698
6035 6005 6003 6000
6035 6014 6015 5999
6012 5963 5955 5795
6028 6014 6015 6003
6038 6035 6014 6015
6035 6014 5995 5980
6038 6003 5924 5887
5973 6015 5810 5778
6038 6035 6015 6013
6039 6035 6030 6029
6039 6034 6035 6030
6034 6031 6021 6020
6039 6035 6030 6028
6035 6039 6010 5995
6039 6035 6027 6026
6038 6035 6032 6039
6038 6035 6015 6013
6035 6031 6015 6013
6036 6035 6013 6001
6039 6036 6035 6032
6035 6015 6002 5985
6035 6036 6026 6023
6039 6036 6035 6034
6039 6035 6030 6025
6035 6024 6018 6008
6036 6035 6039 6025
6039 6035 6030 6014
5999 6002 5907 5885
6032 6023 6022 6021
6023 6022 6020 6018
6022 6013 6008 5995
6034 6032 6029 6028
5999 5985 6015 5963
6034 6029 6027 6025
6036 5989 5999 5979
6038 6037 6034 6032
6027 6006 5999 5995
6022 5999 5960 5954
6036 6035 6015 6013
5884 5831 5830 5823
6035 6022 6018 6011
6035 5980 5915 5916
6035 6039 5980 6015
6022 6018 6015 6006
6022 6006 5999 5960
6023 6022 6035 6020
6034 6035 6013 6000
6038 6015 5999 5979
6035 6029 6025 6013
6035 6036 6027 6026
6032 6026 6035 6017
5914 5794 5778 5697
6035 5985 5975 5957
6031 6008 6002 5994
6015 6010 6024 6009
6036 6035 6039 6021
6036 6035 5963 5960
6034 6029 6025 6022
6036 6039 5999 5985
6038 6035 6026 6024
6034 6026 6035 6015
6022 6035 6015 6010
6034 6024 6023 6022
6034 6032 6035 6029
6022 6035 5991 5999
6035 6023 6022 5994
6039 5973 6015 5960
6038 6035 6031 6029
6039 6034 6035 6029
6034 6029 6024 6035
5626 5621 5620 5602
6039 6035 5980 5889
6036 5999 5985 5980
5979 6015 5947 5915
6010 5979 5915 5877
6039 6036 6035 6026
6036 6039 6025 6017
6034 6035 5985 6015
6029 6035 5956 5962
6039 6035 5989 6015
6039 6035 6034 6027
6032 6024 6035 6020
6031 5989 6002 5957
5766 5619 5602 5713
6034 6032 6035 6029
6034 5973 5811 5836
6038 6017 6000 5995
6038 6035 6034 6026
6027 6026 6023 6022
6034 6024 6010 6006
6034 6029 6035 6018
6032 6036 6023 6016
6033 6036 6019 6016
6035 6027 6013 5954
6034 6035 6020 6015
6035 6034 6032 6039
6022 6018 6017 6015
6024 6020 6018 6017
6035 6032 6039 6025
6039 6035 6036 6025
6035 6014 6013 5986
6017 6006 6009 5995
6039 6024 6015 6006
6034 6035 6030 6029
6029 6025 6026 6022
6039 6038 6035 6034
5510 5593 5503 5516
6036 6032 6031 6027
6030 6024 6023 6015
4956 4749 4758 4762
6035 6032 6031 6027
6035 6010 5989 5985
6039 6036 6035 6020
6039 5989 5985 5980
6035 5980 5979 5949
6015 6009 5960 5954
6034 6023 6035 6017
6027 6023 6022 6010
6039 6001 5973 5975
6032 6022 6018 6017
6036 6035 6008 6010
6032 6023 6022 6035
6035 6032 6030 6036
6035 6039 5999 5973
6035 6029 6020 5994
6022 5999 5923 5836
6034 6032 6029 6023
6035 6034 6030 6026
6022 5999 5962 5960
6015 5999 5980 5979
6036 6010 5995 5985
6032 6029 6025 6023
5754 5699 5947 5529
6036 6035 6031 6025
6034 6023 6022 6010
6034 6035 6014 6013
6035 5857 5847 5846
6022 6018 6015 6010
6039 6036 6035 6034
6035 6020 6015 5994
5576 5762 5549 5518
6038 6031 6036 6015
6037 6034 6030 6024
5979 6015 5899 5884
5366 4410 3703 3113
6035 6031 6010 5994
6038 6035 6031 6020
6039 6038 6034 6035
6039 6031 6030 6036
5991 5968 5976 5938
6024 6009 5963 5958
6015 6006 5999 5963
6034 5914 5953 5787
3736 4509 4027 3732
6037 6039 6031 6021
6035 6036 6015 6000
6018 6000 5999 5960
6039 6035 6030 6027
6029 6022 6003 5994
6035 6027 6024 6018
6034 6032 6025 6026
5830 5794 5626 5503
6035 6020 6006 6001
6035 6024 6006 6004
6022 6015 5999 5954
6024 6015 5979 5975
6032 6027 6018 6017
6015 6006 6009 5999
6034 6022 6006 6009
6039 6031 6028 6026
6038 6035 6032 6031
6035 6020 6015 6006
6015 6000 5989 5999
6024 6022 6018 6006
5642 5626 5635 5879
6035 6015 5989 5999
6022 6035 6021 6020
6037 6035 6031 6036
6035 6020 6014 6015
6032 6035 6017 6015
6035 6032 6029 6036
6035 6032 6039 6030
5626 5635 5624 5610
6035 6031 6020 6019
6037 6035 6032 6031
6034 6029 6025 6023
6035 6032 6023 6022
6035 6032 6019 6015
6035 6034 6039 6029
6035 6033 6032 6039
6035 6002 6012 5989
6019 5986 5975 5972
6035 6024 6015 6005
6017 6006 5963 5962
6035 5973 5882 5844
5924 5906 5915 5885
6039 6035 6015 5926
6034 6015 6000 5973
4634 4424 3503 3260
6035 5973 6015 5960
6039 6035 6024 6015
5945 5901 5837 5767
6035 6023 6015 6009
5899 5887 5885 5870
6015 5753 5717 5871
6000 6015 5805 5762
5999 5909 5811 6012
6036 6010 5995 5979
5326 4724 5385 4703
6034 6024 6035 5987
5973 5953 5915 5885
6023 6022 6035 6008
5411 5014 5277 4801
6035 6030 6036 6022
6035 6037 6017 6003
6036 6034 6022 6021
5975 5963 5937 5889
6039 6035 6033 6036
6035 5959 5926 5879
6035 5945 5926 5857
6035 6015 5915 5877
6035 6024 5823 5766
6034 6029 6036 6035
6034 6024 6015 5963
5501 5441 5361 5262
6000 5999 5960 5926
6035 6027 6022 6000
6036 6035 6028 6015
5926 5906 5769 5746
6035 6002 6000 5987
6039 6035 6036 6025
6015 6002 6009 5962
5753 5746 5879 5711
6035 5975 5847 5754
6035 6004 5960 5928
6036 6026 6022 6035
6034 6035 5973 5963
6015 5963 5926 5915
5991 5988 5958 5864
6035 6006 5959 5939
6035 5963 5955 5954
5724 3245 3053 4168
6039 6035 6015 5955
6035 6022 6015 6007
6037 6035 6039 6030
6015 5999 5959 5949
6038 6036 6035 6014
6039 6025 5963 5954
6032 6039 6035 6036
6035 6039 6006 6004
6035 6039 5980 6015
6039 6034 6030 6013
5985 5973 6015 5915
5987 5847 5821 5746
6034 6035 6024 6020
6002 6015 5963 5926
5986 5963 5887 5831
6012 5896 5810 5746
6035 6024 6018 6017
6035 5954 5952 5931
6035 5963 5919 5832
6034 6035 6020 6024
6039 6035 5976 5973
6034 5999 6015 5963
5625 5366 5542 5870
6035 6029 6025 6017
5746 5655 5630 5581
6017 6015 6006 5963
6035 6015 5973 5883
6035 5926 5879 5810
6035 5955 5954 5915
6027 6009 5885 5873
6035 6024 5963 5946
5433 5270 4276 3883
6035 6024 5973 6015
5974 5877 5953 5836
6035 6034 6008 6005
6035 5987 5985 5973
5962 5959 5794 5750
6035 6017 6006 5994
6039 5846 5820 5808
5873 5753 5604 5451
6035 6032 6023 6017
6035 5992 5999 5980
5879 5794 5584 5529
6035 5989 5978 5973
6035 6036 6015 6024
6034 6035 6030 6014
6028 6011 5991 5966
5316 5393 4674 4419
6024 6022 6035 6015
6035 6015 5915 5909
6036 6017 6013 6000
6034 6029 6025 6035
6039 6034 6035 6015
6034 6035 6023 6015
6024 6006 6004 5995
6036 6035 5991 6015
6035 6024 6011 6001
6035 6000 6015 5963
5926 5895 5793 5810
6034 6035 6015 5908
6035 6015 6024 5988
6035 6034 6023 6017
6024 6005 5975 5926
6035 5926 5844 5825
6034 6026 6024 6009
6039 6036 6022 6021
6035 5985 6015 5942
6038 6035 6033 6039
6035 5952 5902 5877
5963 5910 5895 5890
5896 5887 5779 5753
6035 6015 5963 5949
6036 6015 6009 5999
5915 5830 5811 5804
6035 6015 6002 5959
6039 5926 5915 5891
5963 5937 5914 5801
6035 6023 6015 6000
5794 5669 5713 5625
6035 6015 5998 5991
6035 5926 5899 5851
6035 6025 6023 6017
6002 6000 5955 5915
6035 6015 6024 5989
6035 6015 5962 5949
6034 5963 5954 5869
6035 6015 5973 5963
6035 6013 6002 5999
6035 5994 5991 5959
6036 5721 5926 5527
6039 6035 6014 6015
5683 5626 5219 5076
6035 6034 6023 6017
6029 6035 5963 5960
6039 6036 6035 6015
6002 6000 5962 5903
4297 4087 4276 4513
5991 5989 5964 5844
6035 6024 6014 6015
5746 5493 5287 4551
6034 6015 6009 5988
6035 6028 6024 6015
6035 6015 5926 5892
6035 6028 6024 6010
6024 6006 5999 5963
6034 6035 6030 6029
6034 6035 5995 5954
6035 6002 6015 5960
6035 5986 6002 5954
4507 4932 5233 4160
6039 6035 6031 6036
6039 6035 6015 6002
6018 6010 6002 5995
6035 6015 5937 5879
6023 6020 6015 6013
6027 6035 6020 6017
5366 5874 5322 5535
6003 5975 5963 6005
6005 5929 5994 5887
6038 6030 6020 6015
6035 6015 6006 5989
6038 6039 6031 6014
6010 5999 5977 5951
6035 6031 6015 5989
6006 5960 5954 5832
6034 6018 6015 6006
6002 5915 6009 5893
6005 5999 5959 5892
6039 6031 6028 6015
6024 6035 6005 6009
6026 6015 5995 5999
5959 5957 5921 5916
5959 5946 5921 5896
6039 6022 6017 6015
5988 5915 5910 5887
5229 5132 5358 5091
5626 5621 5602 5713
5921 5850 5793 5743
5626 5635 5620 5612
5959 5721 5551 5261
6035 6037 6039 6012
6015 6024 5973 5960
6034 5893 5887 5794
6038 6013 6006 5992
6035 5985 5973 6015
6024 6008 5977 6002
6039 6036 6035 6031
6024 5954 5995 5914
6038 6006 5989 5999
6039 6036 6030 6031
6038 5985 5980 6015
6034 5999 5963 5849
6015 6002 5989 5980
6039 6035 6020 5995
6035 6032 6027 6023
6038 6015 5989 5999
5971 5902 5887 5793
6036 6035 6021 6020
5938 5839 5829 5795
6027 5885 5794 5779
6010 6006 6004 5980
6034 6029 6036 6027
6035 6023 6015 6007
6036 6032 6027 6025
6035 6034 6017 6006
5880 5794 5747 5654
6035 6024 6020 6010
6034 6010 6002 5999
6039 6035 6002 5987
5956 5936 5879 5856
6034 6022 5954 5953
5880 5953 5847 5830
5991 5995 5879 5887
6036 6035 5985 5973
6035 5991 5999 5973
6035 5995 5959 5846
6010 6002 5999 5973
6035 6030 6024 6020
5778 5531 5481 5004
6034 6035 6024 5973
5959 5949 5839 5830
6034 6005 5999 6015
6039 6034 6024 6002
6035 6024 6016 6015
5999 5847 5830 5761
5980 5779 5778 5774
6035 5989 5973 6015
6022 6008 5999 6002
6034 6035 6002 6000
6034 6035 5987 5975
5999 5980 5973 6015
6002 5995 6015 5952
6018 5996 5995 6015
6024 6005 6015 5954
6034 6035 6036 6008
6015 5905 5895 5887
6034 6035 6029 6010
6029 6003 5983 5956
5980 5979 5963 5954
6035 5990 5985 5975
6034 5999 5960 5959
6024 6006 6015 5960
6027 5794 5769 5871
6034 6035 6015 6013
5973 6015 5963 5924
5956 5861 5791 5787
6035 5926 5899 5854
6010 5995 5915 5910
6034 6035 6017 6002
6035 5963 5794 5836
6024 6008 6006 6000
6034 6024 6006 6004
5995 5963 5897 5869
6034 6008 5991 5999
6035 5805 5348 4457
6038 6036 6035 6031
6024 6006 5973 5960
5973 5962 5949 6009
6015 6001 5980 6002
5999 6015 5899 5953
6034 6035 6010 6002
5999 5969 5953 5850
6035 6015 5963 5960
6035 5899 5560 5762
6035 6022 6000 5963
5973 6015 5949 5912
6035 5963 5962 5956
6034 6035 6006 6015
6035 6015 5993 5986
6035 6034 5975 6015
6034 6032 6023 6008
6035 6015 6002 6024
5960 5880 5953 5674
6034 6035 6024 6023
6039 6036 6034 6035
6035 5963 5955 5936
6035 5973 6015 5914
6035 5994 5991 5973
6035 5975 6015 5963
6035 6002 5975 6015
6034 5995 5999 5955
6035 6034 6032 6029
6034 6035 5999 6015
6034 6035 6015 6003
6035 6014 6024 5989
6015 5906 5895 5889
2980 5183 3068 4447
6034 6008 5995 5970
5894 5884 5864 5830
6039 6035 6002 6012
6034 6006 6005 6009
6016 5896 5887 5884
6036 6035 6000 5974
6035 5994 6012 5973
6035 6002 5973 6015
5993 5958 5794 5765
6035 5986 5973 5892
6034 6029 6023 6035
6039 6035 6034 6036
5963 5887 5847 5823
5231 5321 5250 5204
4380 4061 5366 4040
5311 5385 5056 5117
6034 6035 6015 6024
6037 6035 6038 6005
6001 5912 5877 5810
6034 6024 6009 5988
6034 6029 6030 6035
6038 6037 6035 6005
5915 5874 5867 5825
5685 5669 6012 5713
6034 5973 5963 5955
5837 5654 5642 5462
5988 5958 5794 5778
5538 3068 3022 3094
6036 6035 6025 6015
6035 6039 6036 6021
6036 6030 5973 5955
5963 5677 5219 5073
6035 5915 5912 5866
6038 6034 6023 6015
6024 6015 6006 5994
6036 6035 5999 5985
5787 5662 5596 4584
6034 6029 6024 6022
6034 6029 6035 6015
6024 6035 6005 5995
6034 6029 6025 6035
6039 6038 6033 6031
6035 6038 5999 5980
3746 3744 3752 3736
6031 5980 5979 6002
5963 5911 5887 5877
6034 6029 6035 6017
6038 6036 6035 6031
6015 5986 5999 5963
6024 6015 6006 6005
6035 6029 5995 6009
6029 6009 5956 5916
6031 6035 5999 5980
6024 6015 6006 6009
5960 5947 5887 5880
6029 6018 6000 5995
5999 5904 5895 5853
6034 6018 6015 6006
6034 6024 6015 5999
6015 6006 6009 5989
6015 5999 5949 5887
6015 5995 5980 5959
6035 6020 6014 6003
6024 6010 5999 6015
6029 6003 5977 5975
6034 6015 6006 5991
6024 6035 6006 6004
6038 6035 6036 6015
6029 6023 6022 6035
6032 6039 6035 6027
6035 6015 5980 5979
6035 6017 5979 5905
6034 6023 6022 6006
6034 6029 6035 6010
6015 5991 5989 5999
6035 6008 6005 5975
6033 6035 6031 6006
6035 5977 6005 5916
5999 5980 5974 5977
6038 6037 6036 6031
5999 5830 5787 5794
6029 6025 6035 6024
6035 6031 6020 6015
5949 5898 5894 5922
5980 5979 5915 5891
6025 6013 6006 6004
6039 6015 5963 5914
6029 6023 6022 6035
6035 6003 5995 6009
6015 5892 5754 5574
6038 6035 6020 6014
6038 6035 6031 6015
6015 5980 5979 5951
6038 6035 6029 6025
6038 6029 6031 6020
6035 6006 5995 5999
5959 5957 5953 5949
6035 6025 6006 6036
5988 5959 5955 5954
6038 6035 6031 6014
6024 5963 5962 5954
6034 6029 6025 6023
6035 5963 5956 5885
6034 5999 5926 5895
6029 6003 5995 5999
6038 6031 6015 6010
6035 6003 5999 5975
6039 6035 6021 6015
6035 6010 5989 5995
6034 6000 5980 5895
6035 6010 5977 5915
6038 6039 6036 6013
6029 6026 6035 6017
6035 6015 5979 5976
6038 6031 6014 5980
6038 6035 6031 6036
6034 6030 5999 5887
6038 6039 6024 6006
5995 5989 5954 5916
6015 6009 5999 5959
6034 6026 6009 5963
6035 6024 6005 5988
6024 6006 5960 5900
6029 6015 6010 6009
6038 6035 6031 6029
6034 6032 6039 6035
6034 6032 6029 6025
6038 6035 6015 5980
6034 6039 6030 6023
6034 6018 6015 6006
6038 6035 6036 6015
6038 6019 6013 5938
6032 6035 5995 5999
6035 6032 6022 6004
5721 5613 5602 5604
5847 5764 5750 5727
6015 5887 5823 5787
6035 6020 6036 6000
6029 6015 6003 6001
6034 6015 6024 6009
5895 5879 5846 5787
6002 5973 5959 5926
5975 5973 5953 5765
6038 6036 6039 6025
6038 6036 6035 6031
5635 5619 5616 5613
5626 5766 5622 5613
6038 6036 5985 5973
5626 5766 5622 5604
6034 6035 6024 5980
6034 5996 5963 5954
6036 6032 6027 6025
5977 5963 5949 5938
6015 6013 6003 5977
6035 5999 5937 5889
6029 6015 6010 6003
6005 5988 5999 5960
6015 6006 6000 6009
6034 6039 6029 6025
5999 6002 5976 5949
6029 6027 6022 6010
6016 5953 5851 5847
6035 5924 5887 5953
6035 5985 5980 5971
6031 6020 6014 6013
6035 6010 6036 5995
6035 6015 5947 5953
5554 5567 5492 5487
6034 6015 6024 6009
5999 5895 5880 5953
5999 5989 5963 5957
6015 5954 5849 5836
6024 6015 6006 5991
6035 5947 5915 5606
6015 6009 5989 5999
5985 5979 6015 5963
6016 6010 6001 5980
6028 6018 6010 5995
6038 6036 6015 6013
5916 5766 5794 5718
6038 6035 6015 6009
6034 6015 5986 5999
5646 5626 5621 5618
6035 6021 6015 5999
6035 6029 6020 6017
6034 5963 5954 5880
6034 6035 5999 5985
5343 5177 5103 4957
6035 6002 5999 5973
5959 5970 5926 5877
6039 6015 5947 5889
6035 6015 6006 5994
5447 4868 5076 4783
6035 6032 6023 6022
6038 5999 5980 5842
6030 6023 6022 6035
6034 6039 6029 6027
6039 6024 6006 6004
6036 5985 5980 5941
6003 5995 5974 5977
6031 6025 6038 6015
6035 6031 6022 6020
6039 6029 6020 6006
5624 5576 5575 5604
6038 6013 6015 6009
6034 6031 6036 6015
6025 6035 6017 5989
6035 5830 5823 5574
6038 6035 6031 6028
6035 6015 5989 5980
6035 6027 6020 6019
6034 6015 6006 6005
6021 6020 5998 6009
6022 6015 6005 6002
6035 5963 5955 5892
6038 6034 6035 6015
6015 5997 5999 5887
6039 6015 5963 5954
6035 5985 5979 6015
6034 6039 6029 6035
6034 6029 6035 6015
6015 5995 5991 5954
6035 6029 6024 6018
6031 6029 6020 6015
5626 5879 5622 5619
6035 6034 6033 6039
6024 5963 5895 5787
6024 6015 6005 5963
5963 5962 5920 5895
5916 5877 5830 5810
6035 6023 6020 6017
5953 5793 5644 5633
5988 5419 5301 5006
5999 5663 5515 5492
5887 5850 5754 5720
6034 6022 6017 6015
6034 6039 6029 6025
6038 6039 6023 6021
6035 6031 6036 6020
5995 5963 5851 5761
6034 6029 6035 6017
6035 6010 6009 5989
6024 6015 6006 6004
6031 6030 5989 5999
6034 6029 6035 6015
6035 6031 6010 5989
5999 5954 5830 5823
6001 5995 5999 5985
6038 6031 6036 6019
6034 6029 6025 6022
6003 5953 5846 5794
6034 6024 6035 6015
6035 6036 6020 6015
6035 5989 5980 5977
6039 6015 5963 5954
5985 6015 5963 5950
5954 5926 5895 5856
6032 6029 6035 6020
6017 6015 6006 6000
6039 6015 5989 5963
5980 5789 5794 5781
5991 5977 5964 5956
3095 3568 3962 3082
6015 5849 5846 5830
5850 5849 5704 5555
6034 6010 5995 5960
5761 4063 4052 4047
5743 5646 5409 5377
5949 5802 5787 5681
6034 5934 5914 5911
6035 6024 6023 6018
5899 5889 5830 5794
6035 6024 6004 6000
5963 5892 5856 5887
6030 6028 6035 6013
6034 6035 6015 5988
6039 6018 6013 6001
6039 6031 6025 6021
6034 5963 5945 5871
6036 6035 6039 6031
6038 6037 6020 6015
6039 6035 6036 6013
6035 6018 6006 5939
5999 5964 5954 5887
5758 5762 5392 5339
6035 6015 6024 5959
5366 5674 5282 4996
5787 5604 5642 5500
6035 5797 5685 5732
6012 5895 5877 5988
6034 6025 6024 6035
6011 5639 5245 5050
6034 5994 5999 5949
6015 5999 5895 5884
6034 5887 5823 5794
6035 5963 5754 5721
6034 6035 6020 6015
6035 6024 5975 5963
5884 5801 5755 5775
5963 5940 5753 5268
5960 5851 5811 5778
6015 5884 5879 5824
5999 5840 5814 5825
6000 5973 5909 5892
6009 5954 5912 5836
6035 6005 5981 5886
6011 5975 5963 5949
6015 6024 6009 5999
5999 5962 5880 5787
6002 5953 5811 5779
6034 6024 6015 6006
6036 6035 6031 6015
5895 5787 5794 5775
3127 3503 3158 5879
5980 5959 5954 5947
5471 5388 5337 4967
6035 6015 6013 5999
6035 6015 6000 5960
6015 5980 5973 5963
4969 5222 4746 4724
5928 5386 5219 5181
6015 6009 5989 5999
6034 6039 6029 6035
6006 5957 5947 5924
6029 6015 6003 5995
6026 6018 6015 6010
6015 5999 5960 5995
6031 6015 6006 6001
5916 5953 5857 5794
6039 6029 6035 6020
6038 6035 6009 5999
6024 6022 6008 6006
6006 5960 5995 5889
6038 6015 5999 5980
6015 5988 5999 6005
5768 5542 5241 5234
6006 5981 5963 5830
6035 6006 6000 5924
6029 6023 6035 6017
6039 6017 6006 6009
6024 6035 6018 6017
5844 5842 5624 5582
6035 5993 5982 5968
6031 6015 6002 5976
6035 6024 5964 5963
5980 5937 5924 5915
6029 6025 6035 6018
6036 6015 5989 5985
6035 5991 5989 5999
6035 5915 5805 5692
6031 6006 6004 5995
6015 5963 5884 5840
6035 6024 5959 5939
6015 6024 6009 5999
4672 4567 4550 4520
6035 6012 6000 5991
6015 5999 5963 5934
5989 5937 5755 5732
6035 6024 6018 6012
6035 5995 5960 5959
6022 6035 6018 6017
6035 6006 5995 5960
6024 6023 6016 6015
6035 6024 6015 6006
6035 5960 5935 5913
5999 5995 5960 5929
6035 6017 6016 6006
6035 5963 5976 5908
5960 5915 5850 5836
6008 6000 5999 5973
6022 6015 5999 6002
6035 6006 5999 5960
6035 6015 6009 5986
6032 6023 6022 6035
5771 5820 5642 5598
6022 6015 6000 5915
6008 6000 5960 5915
6032 6023 6022 6010
6034 6029 6035 6020
6035 6036 6028 6011
6035 6022 6011 6000
5425 5364 5310 5768
6034 6015 5999 5980
5915 5877 5839 5778
5880 5830 5811 5794
6006 5981 5962 5937
6035 5999 5975 5956
6035 6008 6010 6000
5995 5958 5912 5887
6034 6015 5995 6005
6035 6032 6017 6006
6024 6022 6006 6009
6026 6024 6006 5962
6024 6022 6006 6004
6035 5999 5867 5863
6034 6015 5973 5960
6024 5963 5928 5915
6024 6016 5991 5999
6030 5999 6002 5951
6035 6008 5999 5973
6024 5958 5899 5895
6035 6032 6022 6015
6002 5894 5893 5953
6022 5995 5973 5963
6039 6035 6015 5974
5988 5970 5955 5902
5393 5183 5425 5154
6035 6000 5995 5962
6012 5995 5999 5979
6035 5964 5963 5959
6035 5960 5880 5844
6035 6034 6032 6022
5939 5932 5918 5869
6035 6006 6004 5994
6035 6023 6006 5964
5959 5951 5947 5921
6029 6035 6015 6012
6034 6017 5999 5963
6035 6022 6000 5964
6035 6023 5999 5960
6035 5844 5832 5794
6017 6014 5994 5999
5866 5853 5709 5719
6039 6020 6015 6006
5896 5844 5810 5755
6035 5994 5999 5890
6035 5966 5964 5959
6034 6033 6035 6015
6035 6031 6004 6000
6006 6004 5953 5946
3941 4507 3435 3177
5358 3573 5249 3570
6035 6039 5989 5980
6013 6000 5946 5822
3388 3374 3348 5625
5946 5915 5842 5685
6034 6035 6018 6006
6035 6015 5973 5960
5976 5958 5698 5399
6035 6036 6000 5989
6039 6035 6036 6024
5844 5824 5820 5642
6038 6033 6031 6001
6035 5946 5915 5904
5968 5946 5915 5953
5946 5915 5842 5685
6035 6029 6020 6013
5946 5904 5842 5743
6024 6035 6004 5953
6035 6017 5999 5949
6034 6029 6035 6017
6035 5946 5889 5796
6035 6017 6036 5993
6018 6015 5995 5992
6035 5953 5851 5794
5626 5621 5591 5559
6035 6010 6006 6004
5746 5737 5794 5725
6035 6039 5754 5716
5779 5714 5531 5504
5576 5529 5407 5405
6028 6035 6011 6000
6035 6018 6006 5953
5754 2871 2824 2506
6034 6035 6024 6022
6034 6015 6024 5999
6025 5989 5953 5946
6038 6035 6033 6015
6039 6035 5926 5851
5973 5877 5863 5794
6034 5954 5873 5830
6035 6036 5996 5969
6035 6024 6020 6017
5432 5300 5224 5157
5713 5575 5604 5387
6035 5993 5972 5963
6031 6029 6025 6035
6019 5998 5915 5877
5953 5853 5754 5737
6035 6029 6006 5946
6035 6025 6013 6036
4516 4379 4338 4259
6029 6025 6024 6035
6035 6031 6036 6025
6032 6016 6006 5996
6025 6023 6035 6017
6025 6035 6010 6004
6034 6039 6035 6025
5388 4978 4971 4896
6035 6017 6010 5989
6035 6029 6025 6036
6035 6015 6002 5960
6034 6029 6035 6020
6034 6035 6024 5986
5240 5076 5037 5073
5864 5823 5853 5663
6034 6035 5973 5963
4978 4410 3117 3104
6029 6003 5995 5977
6034 6025 6035 5989
6034 6039 6035 6027
6039 6023 6015 6010
6003 5963 5953 5850
5999 5914 5895 5880
6015 5993 5989 5981
5999 5985 5980 6015
6024 5973 5945 5885
6015 5999 5963 5924
3744 3770 4343 3695
6003 5999 5979 5963
6009 5916 5885 5793
6034 6022 6035 6017
6015 5939 5880 5844
5947 5642 5348 5157
5837 5767 5758 5754
6037 6035 6015 6008
5963 5954 5941 5887
5953 5794 5750 5727
6024 5999 5960 5954
6029 6006 6003 5956
6015 5989 5995 5980
6036 6019 5998 5989
5619 5879 5995 3539
6030 6020 6010 6006
6036 6035 6028 6026
5649 5604 5557 5555
6018 6006 5999 5953
6038 6035 5999 5963
6035 6031 6020 6015
6035 6020 6003 5914
6022 6035 5853 5787
6035 6039 5989 5995
6035 5989 5980 5975
6035 5989 5980 5975
5956 5953 5810 5743
6029 6035 6017 6015
6034 6015 6024 5954
5953 5823 5853 5664
6034 5853 5574 5557
6034 6035 5995 5960
6034 6026 6022 6035
6035 6002 5999 5978
6035 6015 6005 5924
6015 5989 5985 5973
6031 6015 6009 5995
6036 6034 6029 6022
6036 6012 5985 5980
6034 6035 5947 5915
6029 6015 5963 5954
5713 5614 5567 5568
5746 5718 5719 5685
5746 5794 5718 5715
6039 6035 5979 6015
5757 5746 5718 5715
6039 6027 6022 6009
6009 6012 5885 5953
6015 5950 5885 5787
6034 6029 6025 6035
6014 6003 5963 6005
5853 5366 5363 5183
6022 6018 6003 5963
6039 6035 5989 5975
6035 6032 6020 6019
6039 6009 5988 5977
5977 5953 5830 5794
6029 6015 6003 5988
6018 6017 6015 6006
6017 6015 6006 6000
5980 5885 5953 5887
6024 6015 5986 5975
6034 6022 6015 6006
6000 6009 5954 5874
6031 6015 6005 5887
6034 6015 5999 5914
6039 6038 6035 6019
6035 5980 5953 5994
6029 6022 6017 5960
6029 6035 6017 6015
6034 6035 6002 5973
6035 5991 5945 5949
6035 6039 5994 5989
6035 5947 5995 5953
5896 5846 5837 5680
5626 5635 5766 5879
6022 6017 6006 6009
6034 6029 6022 6018
5956 5787 5794 5746
3517 4932 3518 3258
6039 6035 6024 6003
6022 5963 5931 5887
6034 5916 5761 5697
6035 6039 6027 6022
3117 3941 3291 3095
6039 6031 6024 6006
6022 6015 5923 5885
6023 6015 6010 6006
6006 5989 5928 5904
6035 6024 6021 6010
5979 5946 5928 5904
5946 5904 5915 5953
6036 6024 6022 6035
6025 6035 6010 6006
6035 6036 6014 5989
6035 5979 5956 5946
5946 5904 5915 5953
5915 5953 5596 5583
6035 6009 5999 5959
6015 5954 5953 5887
6035 6031 5979 5949
5940 5946 5915 5953
6035 5979 5946 5928
5915 5953 5602 5583
6035 6031 6006 6004
6035 6036 6006 6004
6006 5953 5787 5754
6034 6039 6029 6035
6006 5956 5949 5746
6035 6015 5991 5958
6011 5949 5937 5896
6034 6015 6009 5953
6034 6021 6012 5937
6006 5962 5960 5915
5914 5787 5956 5681
6039 6024 6004 5954
6006 6004 5955 5928
6006 5928 5920 5953
6004 5995 5928 5953
6023 6015 5960 5952
6018 5989 5884 5988
5928 5953 5830 5737
5829 5963 5598 5291
6035 6036 6024 6013
6035 6006 5991 5963
6015 6006 5995 5989
6034 5895 5787 5836
6034 6024 5995 5963
6032 6035 6027 6023
6024 5971 5995 5962
6035 6039 6022 6017
5768 5150 5180 5141
6035 6036 6031 6013
6035 6005 5895 5844
5928 5953 5737 5787
5560 5243 5083 4698
6035 6024 6012 5988
6039 6034 6002 5980
5945 5836 5746 5613
6034 5999 5895 5887
6015 5956 5955 5952
5999 5432 5366 5136
6035 6034 6032 6029
5874 5830 5793 5787
5154 5366 5136 5100
5958 5910 5823 5787
5960 5915 5894 5910
6022 6006 5980 5907
6034 5999 5960 5887
6024 5928 5915 5953
6039 6015 5963 5954
6035 6003 5963 5958
6039 6024 5915 5953
6024 6035 6006 6004
6034 5914 5895 5830
6034 6015 6009 5991
6002 5985 5954 5949
5895 5877 5787 5794
6029 6035 6018 6017
6039 6021 6015 6009
6024 5994 5954 5880
3411 4088 3568 4507
6023 5949 5912 5894
6034 6035 5895 5915
6034 6035 6017 6010
6006 5904 5915 5953
6027 6006 5999 5960
5895 5884 5753 5366
6038 6024 6035 6014
6031 6036 6015 6000
5963 5879 5846 5887
5544 5493 5557 5141
6035 6018 6017 5999
6015 5830 5787 5754
6035 5986 5962 5955
4566 4460 4444 4040
6022 6008 5885 5877
6034 5887 5823 5793
5910 5877 5830 5754
5963 5960 5895 5880
5973 5963 5962 5894
5885 5877 5861 5823
6006 6004 5913 5895
6029 6025 6035 6015
6035 6021 6020 6009
6015 5989 5968 5954
6018 6015 5995 6009
6022 6015 6009 5981
5596 5567 5604 5415
5604 5567 5432 5364
6000 5963 5953 5887
6039 6024 6006 6004
6039 6015 5999 5989
5963 5880 5953 5887
5956 5823 5796 5794
5963 5954 5949 5919
6015 5995 5963 5953
5895 5879 5907 5823
6022 6015 5963 5954
5954 5926 5895 5887
6018 5986 5981 5963
4509 4451 4432 4433
6032 6023 6021 6006
4978 4599 3117 3682
6015 5999 5954 5951
6035 6033 6039 6036
6036 5960 5938 5915
5989 5921 5830 5809
6039 6035 6036 6028
6039 5889 5887 5953
6035 6015 5989 5999
6033 6019 6015 5998
5038 5053 5076 4866
5980 5979 6015 5941
6036 6035 6033 6019
6035 6039 6029 6025
6034 6029 6035 6015
6015 6002 5962 5952
3941 5358 2881 2871
6024 6006 5963 5915
6006 6004 5975 5915
6035 6039 6028 5978
6025 6024 6035 6017
6033 5967 5921 5830
6034 6022 6035 6017
6035 6022 6020 6019
6035 5810 5683 5675
6038 6035 6036 6000
5829 5716 5631 5606
5674 5039 4891 4495
6034 6024 6035 6015
6039 5989 5909 5953
6035 6036 6024 5980
6029 6024 6035 6004
6038 6015 5959 5951
6035 6036 5979 5947
6035 6000 5989 5980
5844 5795 5785 5778
6035 6015 5999 6009
6018 6006 5960 5891
6015 6006 5887 5953
6006 6004 5995 6009
5757 5718 5698 5593
5626 5766 5619 5549
6034 6039 6035 6015
6028 6015 6009 5999
6015 5989 5973 6002
6035 6000 5960 5877
6039 6006 6009 5981
6039 6006 6009 5963
6039 6015 6008 6024
6035 5830 5794 5754
6038 6035 6014 5980
5963 5960 5635 5624
5510 5503 5549 5554
5485 5447 5445 5446
6015 5989 5847 5721
6038 6013 5980 5979
5993 5989 5963 5962
5436 5238 5251 5231
6000 5899 5915 5887
5941 5889 5887 5834
5989 5943 5800 5299
6035 6015 5958 5926
5219 5425 5181 5155
6035 5954 5885 5822
6035 6036 6014 5989
3915 3682 4276 3823
5602 5510 5045 4956
6035 6036 6024 6006
6006 5995 5928 5953
6036 6035 6039 5985
6035 6039 6031 6021
6036 6012 5989 5985
6022 6018 6015 6006
6035 6015 6009 5980
5963 5825 5794 5779
6039 6015 6004 6009
6035 6013 6015 5989
6035 6015 5832 5805
5879 5620 5609 5713
6035 5926 5847 5794
6039 6036 6015 6010
6034 6015 6024 5973
6020 6015 5994 5989
6035 6015 5958 5955
6024 6015 5999 5962
6039 6020 6015 6009
6034 5958 5955 5904
6034 5963 5895 5892
5988 5999 5963 5994
6034 5995 6009 5893
5629 5621 5556 5541
6039 6035 6015 6002
5953 5794 5778 5635
6024 5886 5880 5879
6034 6008 5899 5953
5835 5820 6012 5765
6015 5960 5947 5887
5880 5853 5363 5249
6034 6035 6015 5999
6034 6015 5999 6005
6024 5956 5928 5914
5991 5917 5811 5560
6015 6009 5995 5949
6021 5992 5989 5999
6022 5923 5893 5889
6034 6024 6015 5999
6034 5999 5963 5895
5960 5887 5851 5830
6022 6017 6013 6006
5954 5943 5896 5895
6034 6024 6015 5999
6024 6018 6015 6006
6037 6039 6006 5989
6034 6029 6018 5995
6022 6009 5861 5787
6010 6006 5885 5953
6039 6020 6014 6015
6034 5947 5895 5887
5951 5949 5946 5927
6035 5963 5956 5907
6036 6035 6039 6028
5960 5794 5836 5784
6022 5960 5787 5871
6009 5989 5963 5949
6035 5999 6015 6005
5880 5830 5787 5836
6024 6015 5947 5895
6035 6015 5989 5959
4936 4532 4681 4276
6015 5895 5887 5823
6015 6002 5951 5915
6024 6035 6015 6006
5960 5995 5895 5887
5895 5879 5830 5853
3933 3031 25 1202
6015 5989 5954 5924
6024 6015 5995 5895
6024 6020 6015 6006
6035 6022 6016 5959
5959 6005 5953 5850
6034 6008 6000 5999
5794 5615 5392 5255
6033 6000 5880 5953
6031 6006 6009 5981
6000 5999 5887 5885
5810 5853 5879 5498
6015 5963 5877 5887
5649 5522 5568 5458
6035 6015 6006 5989
5960 5915 5727 5110
6009 5959 5880 5953
6034 6024 6015 5960
6008 5995 5999 5880
6022 6006 5960 5931
6034 6015 5999 5896
6035 6015 6009 5980
6030 5945 5887 5880
6034 5928 5923 5953
6024 5944 5947 5887
6035 6023 6000 5994
5989 5887 5830 5811
6028 5959 5894 5866
5943 5914 5779 5775
5986 5926 5895 5887
5999 5926 5856 5823
6035 5995 5980 5973
6036 6035 5979 6015
6034 6026 6024 6015
6024 6015 6006 6009
6028 6015 5942 5949
6035 5959 5895 5887
5880 5830 5823 5787
6018 6016 6010 6002
6034 6018 5963 6005
5880 5794 5549 5568
6035 6018 6015 6009
6024 5960 5887 5846
6035 6015 5949 5889
5989 5954 5949 5947
6034 6008 6005 5999
6034 6024 5995 5999
5419 5392 5105 5099
5830 5794 5510 5305
6034 5999 5949 5895
5865 4956 4807 4724
5880 5759 5721 5675
5811 5794 5704 5666
6030 5999 5895 5887
5963 5895 5887 5830
6015 6013 6006 6000
5676 5642 5635 5618
5626 5619 5609 5613
5934 5915 5658 5599
5999 5962 5960 5820
5635 5713 5566 5510
6038 6034 6024 6035
5895 5794 5787 5613
6006 6004 5989 5949
6015 5999 5920 5895
5810 5332 5267 5233
5635 5713 5549 5510
6024 5914 5895 5787
6023 5811 5794 5332
6034 6026 6024 6009
5893 4925 4807 4724
6039 6035 6015 6009
5973 5915 5831 5811
5931 5914 5895 5890
6024 5995 5895 5811
4487 4507 4459 4444
5995 5880 5861 5794
6022 6015 6009 5960
6015 5892 5953 5887
6024 5999 5895 5579
6024 6008 5945 5936
5895 5830 5793 5787
5668 5614 5503 5305
6035 5980 5951 5915
5998 5915 5921 5840
6036 6012 5980 5977
6036 6015 5979 6002
6035 6038 5998 5947
6035 6033 6036 6019
6038 6035 6036 6019
6038 6015 5979 5947
5510 5516 5462 5445
6038 6036 6015 6000
5851 5779 5778 5660
5642 5626 5635 5621
6038 6036 6015 5952
5995 5949 5946 5877
5986 5980 5892 5889
6038 6035 5892 5877
6038 6035 5995 5929
6038 6037 6035 6028
5926 6039 5805 5570
5973 5596 5584 5499
6036 5985 5980 5951
6036 6035 6031 6010
5989 5962 5995 5919
5999 5981 5977 6002
6035 6015 5927 5915
6035 6019 5779 5754
6035 5989 5999 5949
6006 5999 5985 5980
5322 5219 5177 5073
6025 6035 6017 6010
6032 6035 6023 6019
4509 4489 4487 4507
5447 5208 5200 5276
6015 5980 5979 5963
6023 6019 5999 5885
5187 3575 3430 3241
6032 6017 6015 6006
6022 6015 6006 6009
6035 5926 5947 5874
4259 4932 2854 5492
2827 4932 2589 2415
5603 5433 4989 4927
5829 5888 5771 5765
6035 6002 5973 6015
6035 5847 5602 5560
5145 3984 3829 3881
6038 6035 6036 6015
6035 6036 5985 5980
5844 5272 3762 3138
6038 6035 6015 5980
6038 6035 6015 5980
6035 6016 5980 5978
6035 6031 6016 5980
5959 5942 5915 5889
6035 6030 6010 6009
6031 6035 6004 5995
6035 6031 6036 6015
5976 5889 5892 5794
6038 6036 6014 6015
5309 5288 4853 4502
6024 6012 5953 5770
6015 5980 5947 5915
6015 5979 5957 5951
6015 5946 5877 5821
6038 6037 6035 6030
5865 5850 4958 4742
5980 5947 5915 5852
6014 6015 5915 5968
5980 5959 5928 5906
6035 5366 4999 4505
6015 5989 5959 5904
6013 6015 5980 5959
6031 6036 6015 6009
6016 6015 5989 5959
5953 5793 5721 5537
6035 6012 5952 5892
5847 5794 5765 5761
6035 6012 5960 5942
6035 6014 5963 5954
5073 4427 4516 5183
4895 4285 4160 3984
6038 6035 6024 6023
4496 3884 2495 2278
6034 6037 6035 6024
6036 6031 6015 6010
5946 5915 5953 5685
6038 6035 6030 6013
5989 5980 6015 5947
5987 5963 5949 5926
6038 5980 5929 5915
6031 6006 6004 6001
6035 6024 6006 5936
6035 5989 5948 5914
6035 5975 5973 5911
6035 6013 5980 5979
6035 5980 5971 5949
5915 5904 5685 5602
6036 6013 5980 5979
6035 6039 6000 6015
6038 5951 5947 5887
6036 6035 6039 6017
6035 6028 5989 5995
5953 5830 5787 5794
5652 5358 5393 5183
5985 5947 5915 5887
5979 5447 5107 5110
6039 6035 5989 5981
6036 5949 5941 5915
6035 6015 5916 5953
4737 4149 3932 3761
6036 5980 5941 5915
5915 5793 5626 5516
6035 6000 5999 5977
6035 6023 6017 6000
6035 6036 5979 5977
5960 5949 5885 5905
6036 5980 5951 5947
6015 6006 6000 5981
6020 6015 5989 5980
6036 5980 5915 5877
5386 5267 5219 5076
6035 5989 5980 5975
5949 5859 5850 5685
5510 5593 5516 5497
5989 5889 5888 5953
6035 6024 6006 6004
5811 5743 5575 5551
6036 5980 5947 5938
6031 5989 5985 5980
6035 5989 5995 5970
6035 6013 6006 6002
6006 6004 5946 5949
6034 6035 5973 6002
5626 5621 5635 5602
5222 5219 5233 5224
5621 5604 5576 5518
5953 5805 5386 5196
6038 6036 6002 6000
6035 6000 5980 5944
6039 5989 5985 6015
4509 4978 4489 4487
6036 6035 6039 6010
6025 6035 5953 5946
5985 5851 5805 5743
6006 5953 5849 5635
5938 5877 5830 5794
5915 5906 5953 5757
6006 5999 5955 5954
5999 5953 5887 5846
6036 6035 6005 6024
5988 5826 5810 5802
5631 5635 5614 5613
5829 4257 3204 2418
6015 5887 5953 5830
5995 5955 5880 5871
5979 5963 5953 5846
5963 5846 5887 5830
5846 5887 5830 5823
6009 5963 5936 5846
6039 6015 6000 5885
5989 5980 5973 6015
6016 5767 5602 5348
6034 6000 5963 5914
6035 6015 5980 5979
5811 5679 5642 5613
3704 4507 3686 3972
6035 5811 5879 5674
6035 6016 5980 5947
6016 5988 5932 5864
6035 6005 6015 5926
6039 6035 6037 6015
5499 5194 5164 5525
6015 5989 5999 5975
6035 5989 5980 6015
6036 6015 5989 5999
6036 5989 5915 5844
6036 5989 5947 5867
5541 5516 5222 5124
6038 6035 6028 6013
6036 5999 5979 5942
5973 5960 5926 5879
5915 5884 5871 5635
5598 5593 5462 5521
6038 6031 6000 5989
6035 6015 5975 5954
6035 6015 5945 5926
6013 6009 5979 5959
5293 3984 2935 1649
6036 6035 5999 6015
5626 5613 5713 5576
6038 6035 6013 5985
5377 5518 5219 5160
6035 5973 5947 5953
5980 5956 5936 5844
6036 5999 5979 5947
5623 5322 5103 5076
6038 6035 6015 5989
6035 6015 5960 5887
4453 4492 3937 3892
6038 6035 6015 5995
5985 6015 5977 5947
6035 6000 5963 5844
6031 5915 5794 5763
6035 6015 6011 6001
6035 6021 6001 6015
3503 3486 3472 3984
6036 6015 5989 5985
5947 5145 5295 5119
6035 5963 5937 5613
6006 5973 6015 5939
6022 6035 6017 5999
5007 4936 5748 4542
6035 6015 5975 5958
6009 5925 5923 5914
5937 5926 5825 5811
5995 6015 5963 5856
5995 5811 5392 5333
5626 5621 5620 5619
6031 6036 6015 5980
6034 5960 5915 5880
6027 6000 5999 5981
6035 6015 5941 5949
6024 6015 6010 5960
5987 5973 5968 5963
5937 5887 5885 5851
6022 6015 6006 6002
5879 5675 5456 5418
6034 5960 5929 5915
6013 5971 5949 5937
5681 5635 5620 5619
6036 6035 6010 5999
6035 5975 5805 5769
5923 5879 5830 5823
3954 3770 3581 4405
6024 5915 5953 5794
6005 5960 5954 5945
6024 6009 5999 5959
6035 5941 5851 5870
5999 5656 5649 5641
5811 5794 5758 5637
6024 6006 5999 5954
6005 5945 5887 5851
6022 5973 5995 6002
6034 5995 5794 5879
6022 6000 5960 5938
6035 5964 5918 5914
6030 6012 5988 5999
5895 5894 5887 5793
6016 5980 6002 5953
5949 5915 5854 5847
6024 5988 5995 5885
5953 5907 5830 5787
6016 6017 6006 6009
5725 5685 5679 5746
5725 5718 5685 5679
6006 5949 5916 5850
5980 5947 5916 5683
5980 5947 5679 5626
6031 6017 6015 5989
6019 5999 5980 5967
6006 5830 5549 5181
6035 6018 6015 6006
5823 5758 5879 5688
6035 5964 5959 5945
4978 4507 3891 5830
6025 6035 6006 5978
6035 6015 6009 5999
6026 6012 5991 5988
5707 5398 4971 4927
6034 6039 6035 6015
6022 6035 6015 6010
5277 5052 4727 4724
6035 5954 5953 5946
4724 4670 5014 4510
6034 6035 5779 5853
5219 5209 5166 5100
6031 5999 5941 5889
6034 6039 6035 6006
6034 6035 6010 6006
6029 6035 5999 5953
5183 5879 5111 5061
6034 6029 6025 6022
6035 6015 5941 5915
6035 6006 6004 6005
5649 5642 5555 5407
6036 6035 6031 5989
5980 5953 5850 5832
6024 6004 5944 5915
6004 5915 5953 5794
6024 6020 6004 5953
6024 5953 5794 5746
5953 5823 5794 5853
6038 5999 5963 5954
6035 5989 6015 5947
6024 5915 5953 5853
5853 5737 5787 5662
5953 5853 5787 5628
5625 5196 5149 5482
6024 5928 5915 5823
6015 6000 5999 5980
6024 5960 5926 5887
5999 5953 5510 5447
6024 6008 5887 5861
6023 6015 5973 5943
6024 5995 5960 5945
6035 5960 5947 5880
6035 5959 5947 5790
5953 5844 5685 5537
3746 4027 3737 3948
4168 3443 4304 3092
6035 6015 5945 5915
6015 5947 5880 5846
5959 5958 5892 5889
5598 3828 4770 1058
5599 5515 5762 5281
5989 5887 5877 5840
6038 6035 6031 6013
6035 5973 5947 5732
5312 5122 5038 3875
6038 6036 6015 5989
5963 5794 5778 5640
6015 5954 5880 5879
6038 6013 6015 5959
6028 6015 5999 5966
6005 5793 5727 5743
6034 5954 5887 5830
5846 5879 5598 5603
6034 6013 5999 5880
5973 6015 5954 5932
4610 4378 3984 3807
6024 5958 5887 5877
5518 4047 4334 3742
5847 5832 5746 5725
6015 5915 5767 5763
5805 5635 5106 4927
3823 3617 3390 5811
5989 5909 5879 5830
5989 5980 5979 6002
6015 5999 5970 5926
6024 6015 5960 5794
5811 5717 5598 4980
6015 5963 5887 5879
5811 5568 4220 3094
6006 3849 3828 3694
5447 5076 4783 5112
6024 6005 5960 5955
5811 5332 5305 5240
5892 6012 5790 5642
5966 5896 5811 5529
6035 6015 6006 5879
6038 6015 5830 5794
6015 5959 5895 5787
6015 6009 5989 5973
6006 4980 4956 5007
5962 6005 5953 5784
5753 5216 4980 4921
6035 6014 6015 6000
5547 3517 4561 3071
6035 5973 5926 5880
5830 5787 5599 5510
1805 1805 1805 45
4978 2693 2634 2626
5674 4226 3525 3031
6024 6004 5918 5904
5766 2700 880 45
6024 6004 5915 5953
6024 5915 5953 5794
6024 6004 5915 5953
5956 5953 5794 5747
6039 6024 6004 5928
6024 5972 5953 5794
6024 5953 5794 5853
6035 5915 5754 5853
6024 5953 5794 5853
6024 5953 5746 5737
5572 5547 5535 5481
5840 5219 4807 4724
5999 5794 5727 5557
5953 5793 5787 5794
6035 6015 6001 5989
6034 5999 5929 5787
5999 5850 5887 5826
5914 5895 5887 5907
5935 5754 5740 5604
6018 6006 5960 5923
6013 5895 5887 5787
6035 5999 5995 5960
6035 5999 5957 5951
6034 5999 5887 5794
6015 5999 5895 5793
6032 6019 6015 6013
6035 6017 5989 5954
6035 5989 5999 5954
6035 6002 5941 5847
6017 5923 5907 6009
6006 6009 5999 5995
6035 6010 5953 5923
5956 5952 5995 5953
6027 6022 6006 5963
6035 5979 5915 5953
6035 6018 6013 5981
5641 5614 5557 5523
6035 5985 6002 5951
5988 5958 5914 5823
5759 5554 4489 3777
6024 5999 5880 5817
6015 5986 5999 5963
6030 5989 5949 5887
5953 5849 5793 5787
5835 5823 5765 5753
6035 6034 6018 5964
6035 6018 6015 5995
5791 5743 5963 5613
6015 5999 5914 5887
5999 5960 5923 5836
6034 6035 5973 5963
5960 5861 5887 5787
6038 6035 6024 6020
6009 5921 5885 5836
6035 6024 5958 5926
5959 6009 5887 5880
6034 5988 5887 5830
5557 5458 5301 4854
6009 5999 5955 5929
5787 5579 5599 5606
5999 5960 5956 5954
6035 5985 6015 5945
6032 6015 5893 5793
5812 5794 5722 5662
5787 5604 5458 5333
4978 3107 3095 3435
5987 5949 5953 5779
5531 5758 5428 5366
6008 5936 5880 5953
3937 3855 5099 5492
5884 5771 5598 5588
5953 5794 5764 5743
4586 4706 5366 4453
5813 5825 5823 5794
5902 5544 5642 5500
5946 5915 5953 5776
5963 5962 5787 5738
5829 5794 5755 5654
5771 5598 5183 5150
6009 5787 5737 5681
5823 5787 5531 5442
6035 5985 5980 5975
6035 5831 5794 5765
5972 5636 5218 4853
6004 5995 5880 5953
6024 5915 5768 5853
5973 6015 5909 5743
6002 5980 5975 6015
6035 5953 5626 5549
6024 6006 6004 5949
5642 5433 5366 5332
5887 5674 5651 5626
6034 6035 6000 6012
5999 5960 5823 5766
6000 5988 6005 5955
5811 5810 5851 5778
6006 6015 5995 5909
6035 5973 6015 5547
6034 5963 5642 5521
5904 5953 5853 5746
4087 2187 1657 1068
6024 5928 5915 5953
5953 5830 5879 5971
6035 6039 6015 5989
5995 5871 5636 5535
6035 5987 5975 6015
6015 5515 5529 5521
6039 6015 6000 5989
6035 6024 6006 5793
5999 5963 5960 5887
6024 5963 5885 5869
6038 5980 5979 5947
6035 5980 5978 5940
5534 5272 4947 4552
5963 5953 5754 5613
6031 6024 6006 6004
5774 5746 5762 5535
6035 5765 5376 5104
6030 6015 6001 5975
5830 5721 5606 5486
6034 5953 5823 5794
5890 5823 5821 5794
5955 5930 5953 5847
6035 6039 6016 6001
5973 5879 5666 5651
6035 6007 6005 5964
5779 5674 5681 5871
4226 3828 3538 3183
5963 5535 5197 3833
6022 5963 5962 5956
6035 6000 5980 6015
5988 5999 5954 5916
6034 5899 5880 5953
5975 5844 5805 5637
5947 5811 5805 5630
6024 6006 6004 5956
5959 5921 5851 5849
5734 5658 4891 5613
1948 5219 1207 52
5885 5830 5793 5811
5973 5909 5892 5889
6039 6035 6012 5339
5915 5754 5386 5255
6000 5960 5879 5823
6035 6024 6006 5956
5995 5963 5957 5899
6035 5613 5451 5433
5954 5914 5896 5880
5823 5732 5963 5620
5899 5492 4994 5099
5840 5879 5651 5713
6035 6028 6004 5946
6039 6035 6015 6009
6036 6000 5999 5980
5995 5960 5954 5894
6035 5487 5041 4789
5999 5960 5953 5787
6022 6000 5995 5973
6024 6006 6000 5960
6035 6002 5999 5973
6034 5963 5779 5769
5909 5795 5528 5521
5823 5794 5836 5779
6039 6000 5973 5966
5999 5973 5778 5768
6006 5830 5740 5698
6031 6004 5946 5928
6024 6006 6004 5928
6029 6035 6007 5953
6039 6035 5926 5900
5989 5624 5566 5762
5973 5823 5774 5753
6015 6006 6004 5963
5754 5701 5602 5474
6011 6006 6004 5963
5912 5754 5651 5535
5100 5538 4652 4646
6038 6035 6015 6012
6002 5915 5847 5830
6035 6006 6004 5953
5762 4556 3984 3518
5226 5393 5219 5225
5960 5914 5963 5620
4978 3106 4507 3435
4978 3120 3106 4507
6039 6035 5877 5822
6035 6029 6010 5964
4897 4646 4415 4276
6035 6015 5973 6002
6035 5989 5995 5982
6039 5995 5975 5962
5901 5915 5725 5574
5949 5899 5953 5805
6009 5954 5941 5971
5604 5549 5529 5522
5830 5787 5794 5599
4525 4555 4464 4492
4516 4160 4061 3958
6015 5959 5840 5830
4516 4047 3686 3536
5425 5262 5136 5311
6035 6039 5989 6015
6013 5916 5953 5764
6035 6006 5946 5928
6035 5960 5836 5794
5980 5915 5877 5830
6034 6035 5956 5953
5925 5923 5904 5865
5910 5872 5820 5814
6029 5953 5846 5830
6035 5962 5928 5915
5907 5850 5754 5508
5567 5432 5364 5300
5567 5432 5300 5224
5626 5570 5557 5219
6015 5949 5896 5844
3086 3082 4304 3031
5069 1477 600 192
6035 6039 6017 6006
5936 5962 5794 5716
6036 6031 5989 5985
5980 5937 5915 6039
6035 6039 5947 5840
6035 6039 5980 6015
6036 6035 5915 5642
6013 5915 6039 5844
5765 5721 5614 5836
5887 5761 5758 5555
6035 6018 6001 6012
6015 5956 5954 5952
6001 5985 5980 5953
6038 6035 6030 6028
6032 5980 5979 5915
6038 5979 5924 5886
5339 5160 5099 5061
5053 4407 4292 4285
4868 4801 4808 4844
5503 5947 5462 5447
4407 4285 4168 4083
6038 6015 5947 5873
5915 5867 5847 5837
5538 3366 4822 2961
6024 5802 5770 5596
5554 5500 5529 5427
6034 5999 5880 5794
5960 5912 5830 5810
3381 3380 3828 3883
5993 5988 5933 5890
5915 5726 5652 5598
5644 5518 5471 5388
5794 5771 5753 5663
5959 5829 5794 5796
5212 4807 4516 4379
4978 3941 3568 3050
5177 5396 4895 4649
5311 5099 5097 5057
6035 6019 6015 5979
5999 5975 5915 5884
5899 5847 5879 5762
6035 5989 5985 6015
4818 4386 4139 4413
5980 5979 5941 5915
6035 6036 6025 5999
5953 5097 5099 5977
5919 5953 5830 5811
5830 5405 5348 5255
5871 5836 5853 5766
5839 5851 5743 5680
6034 6026 5842 5851
5840 5727 5566 5569
5999 5973 6015 5955
5874 3984 3134 2671
5794 5836 5779 5685
5999 5941 5915 5906
5751 5566 5762 5642
5855 5605 5531 5339
6024 6035 6006 5887
5915 5877 5837 5516
5963 5774 5879 5651
6015 5947 5941 5900
5953 5657 5516 5310
6000 5998 5973 5967
5516 5309 4930 4168
6034 5999 5880 5953
6009 5970 5836 5830
6036 5978 5973 5953
6035 6009 5915 5887
5960 5914 5880 5779
6017 5989 5957 5949
6008 6000 5973 5995
6035 5927 5885 5754
6028 6015 6000 5959
6035 5989 5995 5949
5959 5921 5953 5849
6038 5915 5892 5887
6036 5985 6015 5915
5794 5521 5110 4983
6024 5811 5651 5529
5811 5778 5721 5666
6035 5989 5980 5977
5977 5581 5566 5462
5529 5340 5267 5219
6034 5794 5522 5397
4807 4781 4748 4339
6034 5830 5787 5836
5510 5503 5501 5497
5510 5549 5407 5403
5805 5879 5652 5626
5510 5462 5445 5447
5947 5929 5915 5877
5960 5839 5811 5794
5998 5980 5951 5915
6015 5915 5953 5847
5794 5774 5535 5258
5960 5794 5637 5614
5985 5926 5924 5915
6031 5999 5980 5976
4507 4487 4472 5183
5957 5938 5947 5889
3378 4168 2452 888
6035 6017 5915 5867
3291 3074 5579 4276
5960 5810 5697 5642
5937 5769 5720 5583
6012 5778 5721 5713
5999 5960 5914 5836
6034 5953 5887 5830
5963 5787 5620 5482
5851 5759 5743 5687
6035 5963 5959 5932
6035 6015 5963 5321
6038 5995 5924 5887
4180 3364 3307 2680
5794 5836 5616 5567
6000 5995 5955 5914
6005 5877 5810 5712
6034 5941 5895 5846
5985 5980 6015 5915
6036 5979 6015 6002
5980 6015 5970 5909
6035 5938 5811 5328
5938 5953 5447 5351
4887 5288 4853 5000
6035 6015 5989 5999
6035 5945 5833 5816
6036 6035 5985 5973
5926 5895 5885 5541
5497 4983 4823 4728
6035 6024 6018 5995
6035 6017 6002 5973
5050 5025 4940 4774
6035 5985 6015 5887
5270 5004 3213 3083
6030 5994 5999 5850
6035 5972 5953 5864
5999 5895 5823 5787
5787 5582 5226 4724
6034 6017 5915 5864
5960 5830 5794 5567
6035 5787 5737 5411
6022 6009 5923 5885
5915 5754 5664 5366
6035 5999 5794 5764
6022 6016 5861 5787
5876 5847 5685 5678
6022 6018 5953 5861
5136 5112 5073 4896
5189 4896 5025 4803
5956 5836 5783 5567
5887 5790 5584 5604
6035 6039 5987 6015
6018 5750 5676 5301
5999 5980 5929 5924
6003 5887 5953 5794
5999 5956 5952 5953
5856 5557 5523 5503
5427 5419 5386 5326
5999 5830 5802 5794
5429 5281 5557 4717
5794 5776 5613 5529
5953 5787 5794 5746
6035 6027 5358 5351
5489 5649 5281 4731
5787 5836 5794 5785
5555 5503 5419 5345
5557 5360 5113 5171
5848 5754 5654 5301
6034 5953 5751 5746
5953 5787 5794 5746
6022 5956 5893 5787
6005 5999 5955 5954
5999 5787 5794 5750
5953 5850 5830 5683
6030 5988 5999 5916
6035 5962 5914 5754
6034 5794 5557 5604
5953 5429 5419 5366
2207 2207 698 659
5885 5842 5823 5810
5876 5727 5697 5557
5358 5316 2854 4447
3411 2993 4006 4672
5511 5535 5442 5415
5830 5399 4807 4724
5057 5038 5037 5076
6035 5959 5884 5988
5980 5915 5889 5877
6035 5581 4980 5321
5642 5613 5517 5495
6015 5877 5787 5683
5927 5924 5921 5901
2626 1321 730 77
6024 6015 5926 5852
5915 5885 5953 5842
6035 5774 5487 5270
6015 5892 5879 5743
5945 5721 5110 4980
6035 6013 5989 5977
5572 5110 4980 4868
4716 4087 3584 3538
6035 6017 5960 5889
6001 5980 5915 5891
6033 6019 6013 6000
6015 5976 5951 5944
5956 5885 5802 5723
6009 5963 5949 5935
6006 5946 5928 5915
5991 5999 5966 5887
5980 5916 5911 5953
5919 5765 5724 5713
5839 5652 5429 5267
4259 4045 4011 3933
3023 4410 2854 2795
3937 3892 3855 5492
5366 4571 3150 1507
6012 5989 5973 5926
5635 5288 5222 4920
6035 5521 5219 4955
2248 2248 2248 86
5737 5719 5678 5626
6013 6006 5977 5947
5895 5953 5861 5787
5963 5584 5492 5257
5792 5785 5683 5450
5973 5947 5915 5901
5974 5954 5887 5802
5386 4705 4684 5037
5836 5531 5427 5110
5953 5566 5560 4489
6024 6004 5960 5810
6035 4276 2101 1068
5962 5879 5953 5787
5979 5915 5887 5835
5853 5598 5421 5394
6035 5960 5941 5962
5971 5963 5934 5802
6018 5895 5765 5737
5899 5857 5847 5839
5949 5698 5642 5971
6031 6015 5999 5980
5787 5773 5956 5681
3313 3094 4006 2906
5956 5746 5575 5529
5826 5787 5665 5458
6035 6018 5826 5688
6012 5704 5429 5037
6034 6007 5953 5746
5988 5916 5793 5794
5999 5663 5557 5642
5721 5663 5528 5493
5871 5810 5654 5531
5705 5643 5604 5150
5429 5281 5037 3933
6003 5999 5649 5597
5794 5604 5419 5281
3954 5249 5642 4168
6035 5979 5954 5951
5022 4421 4359 4117
5895 5787 5727 5658
6035 5956 5953 5810
5953 5787 5853 5506
5962 5885 5861 5787
6022 6006 6009 5885
6022 5893 5868 5830
6022 6009 5956 5953
5737 5725 4672 4498
2847 2490 2180 2166
5683 5602 4978 4971
4427 4380 4364 4363
6035 6015 5973 6002
6019 6013 5947 5940
3707 3698 3686 4344
6013 5980 5844 5814
5980 5830 5626 5569
6001 5915 5877 5830
6015 5915 5751 5703
5979 6015 5941 5842
6015 5508 5366 5305
6039 5749 5608 5581
5949 5947 5915 5847
6036 5973 6015 5915
5536 5516 5288 4957
5445 5743 5386 5312
6015 5947 5915 5891
5779 5785 5681 5635
6039 5754 5753 6001
5249 3111 3085 3083
5989 5923 5836 5830
4978 3095 3082 3027
6022 6006 5830 5794
5177 5482 5136 5134
5947 4343 3686 3667
6034 6035 6015 5810
5726 5500 5396 5364
5767 5721 5623 5598
6030 5960 5778 5674
5829 5767 5462 5453
6031 5889 5921 5953
5254 5100 5038 5022
5538 4950 3013 3984
6015 5463 5318 5288
5779 5753 5737 5598
6035 5923 5836 5830
5995 5999 5830 5823
6036 6000 5915 5837
5779 5685 5681 5554
5947 5679 5743 4590
5985 6015 5921 5887
5954 5968 5887 5823
4978 2693 2679 2589
2949 3684 2460 4516
4898 3941 3170 3066
6015 5887 5743 5599
6035 6008 5914 5894
5794 5684 5642 5681
5830 5811 5457 5418
5853 5787 5596 4421
5921 5953 5851 5805
4672 1738 1626 1469
5999 5652 5605 5598
5921 5887 5885 5847
5829 5765 5713 5560
6024 6004 5995 5928
6006 6004 5957 5949
5845 5853 5787 5662
6024 5830 5787 5626
5853 5787 4836 4421
6004 5915 5953 5853
4978 2693 2634 2490
4978 4259 2693 2634
5915 5953 5787 5626
6004 5794 5853 5737
5989 5670 5637 5568
5928 5953 5787 5141
5953 5853 5737 5787
6006 5953 5794 5853
5993 5969 5915 5823
5830 5025 4503 4160
5946 5928 5915 5953
4446 4372 4173 4154
6000 5946 5915 5953
5946 5602 5596 5351
6035 6015 5989 5959
5999 5969 5946 5904
5926 5895 5793 5493
5065 4226 3415 3310
6006 5975 5853 5728
5946 5928 5953 5853
6035 6024 6006 6004
6024 6004 5928 5915
6015 5794 5787 5715
5432 5038 5025 4507
6024 6006 5928 5953
6024 5915 5953 5787
5447 4731 5642 4670
5953 5794 5738 5366
6024 5928 5904 5915
5953 5787 5596 5531
6010 5928 5895 5830
6024 6006 5915 5953
5915 5853 5787 5573
5928 5915 5853 5669
5728 5787 5674 5596
4495 4978 4444 4542
4432 4421 4363 4343
6035 5642 5340 5316
4978 4783 3031 3013
6006 5928 5910 5953
6035 6002 6024 6015
6035 5255 5041 4906
6000 5926 5785 5743
3884 2856 2828 2495
6006 5928 5953 5853
5123 5112 5057 5035
3390 3289 868 1447
6035 5830 5787 5727
6035 5915 5737 5681
2407 1630 888 122
5894 4341 1297 122
6024 5963 5954 5928
5938 5798 5774 5529
5960 5873 5836 5794
6015 5889 5521 5432
2413 2413 2529 122
6034 5778 5515 5481
5980 5788 5721 5762
6035 6020 6015 6009
5963 5954 5944 5895
5963 5887 5830 5823
5181 4688 4403 4222
6000 5999 6015 5963
5973 6015 5960 5940
6000 5977 5953 5770
5896 5830 5811 5219
6006 5836 5794 5510
6039 5999 5970 5909
5989 5794 5767 5679
6006 6009 5873 5830
4811 3014 2105 122
6015 5999 5887 5830
5999 5830 5794 5716
6035 6031 5999 5944
6009 5893 5953 5830
6009 5787 5794 5779
5599 5568 5688 5529
5836 5794 5758 5737
5625 5196 5425 5170
4481 4446 4238 4192
6035 6027 6015 5909
5584 5462 5310 5037
5975 5895 5885 5825
5274 5264 4948 4424
5432 5824 5316 4936
5804 5746 5613 5501
3288 3289 4384 3242
4840 4651 4932 4462
6035 5963 5748 3907
6000 5966 5897 5805
6022 5960 5887 5836
5749 5534 5366 6015
3491 2452 2215 2207
5106 4715 5794 4860
4492 4285 4160 3892
3546 172 1241 1265
4385 3611 3573 3536
6035 6036 6015 5959
6006 5555 5360 5099
2120 2025 2058 872
5927 5419 5309 5196
5794 5774 5674 5535
5787 5794 5219 4956
6002 5626 5183 5160
5884 5887 5846 5535
5779 5268 4811 4646
6015 5716 5655 5462
5471 4788 4353 4283
5893 5830 5794 5727
5946 5928 5915 5904
6034 5999 5953 5887
5973 5110 3984 3215
6035 6024 5986 5973
6039 6035 5534 5041
5222 5169 4860 4806
6012 5980 5844 5516
6035 6037 6000 5973
5884 5746 5963 5544
1679 1068 888 705
5963 5626 5604 5492
6035 6015 5966 5583
6012 5963 5927 5844
5794 5587 5515 5339
5975 5899 5857 5873
5877 5831 5527 5430
6034 5973 5971 5947
5316 4770 3907 3820
5762 3142 2367 1757
6015 5840 5733 5629
6035 5842 5635 5598
5989 5980 5944 5655
4789 6039 4844 4950
5870 5038 5438 4895
6035 6015 5905 5899
5953 5825 5810 5754
6015 5963 5791 5636
6035 6036 5989 5957
5082 5038 4851 5396
3421 2944 2007 1469
5949 5805 5789 5674
5829 5814 5765 5713
5538 3525 3835 5579
5287 5106 5100 5086
6034 6024 5972 5953
5836 5830 5787 5794
6035 6013 5885 5830
6035 5954 5787 5759
5264 4703 4543 3791
6035 6039 5915 5836
4179 2339 1993 1752
5986 5963 5762 5417
5979 5921 5516 5361
6021 6015 5989 5999
6035 6015 5848 5830
6039 5937 5820 5824
5076 5112 4679 4662
6039 5889 5836 5751
5332 4083 3828 3209
6035 5955 5692 5716
6039 6035 6012 5940
5947 5791 5666 5626
5979 5946 5915 5842
5801 5701 5623 5073
5596 5361 5269 5076
5521 5462 5465 5415
6036 6035 5947 5915
4733 4729 4716 4709
5989 5985 5980 6015
6038 5927 5921 5844
5853 1265 4168 1273
6001 5927 5889 5847
6035 5979 6015 5960
6024 5960 5909 5837
5953 5794 5746 5879
4509 4504 4489 4487
3271 3109 4168 1398
3299 3226 3213 2949
6035 5949 5941 5908
5746 5679 5603 5534
5999 5963 5960 5913
6035 5999 5750 5254
5604 5108 4818 4703
5995 5999 6015 5949
5999 6009 5787 5794
5830 5754 5716 5971
6034 5775 5658 5762
6035 5926 5219 4936
5893 5953 5836 5823
5893 5953 5836 5794
5954 5893 5953 5836
5954 5893 5953 5794
5794 5679 6001 5343
6027 6022 6009 5923
6018 5953 5830 5811
5879 5830 5793 5794
6015 5999 5951 5915
5973 5754 5622 5560
6034 6025 6035 5991
6025 6004 6000 5960
5979 5718 5679 5551
3777 3833 3490 3310
5679 5501 5094 5183
6035 5846 5529 5366
5527 5538 5438 5433
2562 2871 2824 148
5889 5560 5589 5266
4950 6015 4160 3791
6035 5963 5949 5894
5914 5766 5678 5663
6010 6015 5810 5790
5764 5073 5069 4915
6035 6012 5973 5947
6035 6031 6001 5999
6033 6035 5805 5754
5884 5870 5352 4866
5779 5766 5598 4984
3892 3483 3326 3199
5100 4803 4650 4550
6012 5947 5754 5642
6035 6039 6013 5941
5889 5626 5565 5560
5366 5038 4276 3833
5989 5909 5889 5885
5779 5716 5654 5626
4932 3503 3023 3491
1403 1469 1488 628
3768 4087 3547 4932
6039 5739 5613 5600
3696 3672 3166 4652
2415 2243 1809 1614
5386 3196 2927 1787
4886 5063 4087 3884
5926 5895 5953 5793
5270 5038 5037 4944
5811 5492 5348 4672
5844 5328 4866 4424
5789 5574 5081 4980
5754 5270 4980 5642
6024 5760 5687 5332
5844 5830 5654 5642
5598 5031 4160 4087
5927 5870 5829 5718
5753 5602 5598 5547
5288 4285 4164 4160
3892 3573 3703 3380
5853 4955 2664 1687
6035 5986 5753 5754
5811 4927 4608 3807
6034 5827 4836 4485
5681 5458 4696 5083
6034 5880 5887 5793
5927 5732 5418 4552
5701 5677 5632 5540
6035 5989 5965 5936
5887 5811 5794 5521
6015 5642 5518 5500
5921 5566 5551 5604
5823 5774 5879 5490
5973 5949 5529 5811
5980 5967 5916 5844
5926 5855 5683 5588
5999 5895 5836 5662
5658 5364 5025 5971
6015 5879 5751 5734
5877 5865 5829 5360
5915 5953 5853 5746
5947 5840 5830 5805
5980 6015 5924 5732
5980 5844 5805 5673
5989 5937 5691 5626
6035 5937 5778 5879
5926 5603 4958 4835
5973 6015 5926 5899
5565 5536 6001 5259
5921 5581 5529 5339
6039 6001 5989 6015
5890 5826 5794 5713
5934 4836 4805 4807
5895 5787 5794 5567
6035 5953 5834 5754
5789 5197 5060 4906
5960 5954 5821 5758
6022 5918 5861 5787
5737 5787 5662 5596
5904 5853 5739 5787
6018 5972 5549 5208
5810 5769 5853 5737
5691 5651 5637 5181
6024 6004 5956 5928
6024 6006 5928 5166
5962 5956 5943 5895
5960 5830 5787 5794
5787 5567 5554 5226
5567 5415 5413 5386
6016 5787 5836 5226
5721 5529 5389 5268
6022 5787 5779 5775
6024 5915 5953 5787
1732 1469 1149 162
5999 5928 5827 5669
5625 4984 4965 4947
6012 5915 5862 5988
5943 5915 5849 5752
5959 5850 5743 5551
5946 5697 5416 4978
4475 4407 4048 3884
3824 5467 3168 2166
5953 5830 5761 5662
4978 4783 2945 3884
4168 2877 2438 2243
5449 5274 5110 5004
5899 5425 5219 4795
5830 5836 5743 5716
6039 6024 6006 5928
5879 5830 5787 5762
6035 5963 5953 5830
6000 5962 5960 5885
5604 5529 5575 5360
5569 5604 5497 5743
5830 5811 5492 5462
5655 4155 3241 3120
6015 5989 5999 5887
6035 5924 5915 5508
5508 5430 5360 3209
5657 5566 4851 5184
6009 5879 5830 5685
168 4168 4578 1911
5979 5943 5516 4267
5953 5823 5372 4479
5973 5830 5821 5823
5979 5851 5921 5804
5600 5462 5368 5038
5073 5748 3545 2966
5805 5516 5343 4887
6015 5926 5870 5873
1896 1798 1624 1614
6035 5811 5583 5339
2949 2854 2845 2032
6035 5980 5946 5823
5915 5889 5921 5579
5980 5889 3299 4410
5999 5830 5754 5642
5805 4851 4703 4475
6035 5989 5915 5754
6015 5947 5915 5844
5887 5787 5794 5626
5838 5798 5674 5554
6035 6001 5989 5975
5685 5430 4955 4625
6039 5980 5732 5536
5999 5963 5540 5219
4789 4475 5467 3401
5980 5892 5516 5510
5977 5666 5628 5381
6000 5946 5915 5805
5844 5805 5630 5596
6036 5979 6015 5947
5943 1068 5688 172
5926 5820 5623 5469
5889 5830 5811 5613
6035 5915 5754 5674
6035 6000 5927 5924
5251 4815 4794 3366
5927 5462 5361 5309
5963 5889 5824 5766
3717 3142 1469 669
5538 3202 4590 1752
5510 5521 5420 5860
5151 5069 4574 3849
6035 6012 5985 5980
5915 5805 5762 5516
5762 5462 5415 5322
5634 5451 5339 5183
6015 6000 5980 5909
5732 5707 5613 5462
5785 5529 4672 4087
5778 5433 5364 5268
6035 5589 5339 5038
6015 5955 5521 5332
5794 5492 5110 4435
5893 5830 5787 5794
5963 5787 5794 5743
5518 5503 5482 5415
5793 5566 5510 5500
4807 4800 4724 4309
6034 5973 5861 5794
5746 5787 5766 5219
6015 5960 5915 5953
6039 6035 5777 5754
5787 5794 5500 5529
6039 5980 5110 4761
5492 4604 3517 2751
6035 6012 5820 5737
5811 5720 5487 5447
6035 5889 5785 5613
6035 6012 5985 5851
6035 5973 5839 5697
6005 5877 5834 5831
5995 5959 6005 5825
5836 5811 5753 5635
5427 5348 5015 4512
6035 5879 5765 5758
5877 5805 5753 5339
4226 5304 3828 3390
6015 5949 5642 5603
5940 5847 5581 4542
6015 5947 5842 5830
5811 5805 5598 5392
5659 3655 688 186
5605 5377 5220 5482
5566 5762 5642 5110
5973 5880 5830 5761
6035 5847 5754 5560
5945 5851 5811 5767
5065 4595 5232 5955
6015 5512 5110 5099
5715 5762 5521 5529
4427 4380 4364 4345
5899 5779 5648 5531
2777 2777 2777 525
3508 4083 2854 2506
6018 6015 6002 5960
6022 6017 5861 5787
5746 5344 5267 4971
6034 6035 5999 5853
4729 4724 4662 4646
5923 5953 5853 5754
6027 6035 6015 6011
2912 965 1241 192
5560 5274 4903 4314
4762 4410 2897 2854
5999 5787 5794 5699
2790 2790 2790 194
5207 3083 4168 1240
4492 3288 4857 1000
5949 5887 5787 5779
5895 5787 5836 5727
5824 5698 5547 5041
6034 6015 6009 5949
4167 4032 4000 3886
2798 2798 2798 194
6035 6015 5674 5635
6015 5320 5412 4994
1482 6015 234 194
5701 5529 5106 4903
4171 194 1596 3549
4816 3105 194 1351
6035 6039 5536 6015
5873 5857 5219 4978
6015 5508 4550 4424
5989 5953 5928 5915
5885 5805 5796 5598
5915 5516 5947 5309
5787 5471 5004 4807
2812 2812 411 194
2889 1752 1140 745
4102 4101 3933 3475
2949 2382 5332 1353
6011 5963 5853 5791
5936 5853 5787 5458
3134 3366 2452 4276
5877 5560 4559 3777
5333 3704 194 4276
6012 6015 6039 5831
3791 1624 1476 1469
6035 5975 5899 5487
5857 5754 5679 4932
5959 5831 5830 5656
6013 5927 5811 5701
6034 6015 5999 5970
5895 5787 5836 5794
5999 5880 5823 5836
5750 5642 5613 5568
3933 3828 3777 4457
4976 4836 4803 4363
2947 2945 2742 1907
6035 6015 5552 5414
5926 4789 4646 4297
6006 5928 5904 5915
4876 4838 4831 4724
5949 5787 5779 5760
5946 5915 5904 5953
5895 5778 5568 5529
5787 5500 5045 4915
5999 5963 5880 5842
5970 5887 5787 5554
5754 5554 5255 5110
5108 4869 4790 4386
6009 5880 5879 5823
5835 5815 5772 5725
5887 5503 5366 4996
6035 6024 5887 5811
5953 5787 5626 5521
5849 5734 5596 2853
2888 4259 2854 2995
5787 5836 5257 5255
6006 5836 5794 5787
5595 5583 5462 5447
4650 3109 2871 2810
2960 3884 4496 2591
5222 5073 5038 5041
6035 4834 4773 4219
5445 5355 3997 3475
6035 5836 5794 5746
5985 6015 6005 5837
5963 5960 5226 4873
5339 5110 5015 2304
5895 888 695 213
6024 5830 5793 5794
5823 5794 5810 4104
5847 5787 5110 4931
5989 5953 5793 5794
5884 5953 5830 5787
5887 5787 5794 5727
5887 5787 5458 5325
5830 5787 5633 5626
6015 5915 5889 5830
6039 5954 5887 5794
4061 3787 5080 4936
6015 5951 5915 5602
5887 5836 5500 5432
5255 5080 4931 5811
5837 5492 4567 4149
5893 5836 5674 5657
6034 5999 5963 5887
5879 5754 5674 5716
6034 5887 5787 5794
5852 5887 5685 5583
5145 5099 1925 215
6035 5989 5999 6015
5879 5887 5787 5599
5985 5954 5500 5366
4703 4979 4538 4542
6034 6015 5947 5880
5136 4971 4978 4787
5727 5178 5184 4727
6020 5727 5743 5305
6035 6004 5935 5928
5830 5811 5767 5653
5915 5076 5053 4446
5902 5339 4276 4226
6000 5810 5794 5766
5584 5462 5108 4789
1895 1000 237 224
5547 5432 4619 4400
2903 4385 224 2985
5879 5785 5316 5106
5304 3517 1068 224
6015 6006 5830 5811
5805 5339 5333 6039
5794 5598 4160 2871
5511 5482 5415 5344
5651 5603 5333 4457
6035 6039 5985 6015
5076 1748 224 5721
5960 5837 5831 5767
5038 4724 4061 3918
4814 4646 3829 3082
5787 5746 3208 3475
6015 3984 3694 2823
4464 3517 3518 4950
6035 5947 5867 5847
5963 5895 5894 5835
5603 4979 3883 2859
4574 3893 5947 5635
5651 5501 4788 4646
5909 5674 5635 5508
5516 3840 3038 4578
5626 4794 4646 3300
5894 5811 5794 5635
5674 5550 4770 3975
5963 5626 5299 5110
3536 5538 3042 849
5623 3545 4027 3401
3260 1730 1925 1265
5529 5419 4996 5083
5462 4713 4475 3571
4608 3842 3822 3389
5516 5462 4475 4252
4908 4893 5099 5184
5516 5431 5272 5123
5415 5409 5392 5351
5794 5425 5392 5261
5510 5445 5312 5674
6011 6012 5304 5037
6017 6009 5923 5836
5516 5035 4047 4168
5366 5095 4807 4724
5953 5674 5541 5500
6004 5915 5953 5853
5915 5893 5788 5685
6004 5928 5915 5953
5510 5468 5312 5219
5880 5830 5785 5657
5452 3245 2653 2562
5351 5262 5196 5152
5775 5684 5652 5492
6039 5830 5794 5766
2956 2956 4361 260
5100 5024 5748 4803
6035 6006 5946 5879
5830 5823 5787 5648
5500 3704 3674 3643
6035 5844 5723 5557
6022 5960 5908 5794
3177 3884 2847 2495
5915 5953 5787 5697
6024 6006 5794 5766
5737 4971 4836 4446
5915 5953 5737 5697
5946 5804 5602 6000
4978 4020 3997 3840
4446 4195 3999 3840
5943 5110 4978 4446
5928 4731 4008 3905
5946 5842 5602 5545
5915 5953 5823 5794
6035 6006 5946 5746
6006 5946 5928 5915
4446 4353 4285 4259
4380 4364 4168 4336
5519 5425 5415 5045
5887 5787 5794 5727
5898 5737 5707 5679
6035 6017 5978 5953
4936 3546 3893 3260
5073 5076 4525 4453
3984 1684 888 1124
5516 5471 3822 3840
2287 283 1644 2488
5794 5535 5038 5010
6006 5695 5642 5058
5746 5614 5557 5419
4444 4160 3925 3823
5839 5030 4930 5184
5787 5794 5529 5360
2994 4574 292 1732
4572 4380 3083 2831
5963 5823 5402 5051
5853 4978 4971 4505
4971 4496 1016 849
3517 3518 2506 1355
5963 5762 3475 3366
5844 5642 5332 5110
5915 5746 4896 4789
3003 3003 4485 292
5219 3997 3806 3017
5915 5746 5787 5766
5787 5596 4978 3997
5928 5915 5953 5853
5160 4507 4138 4311
3009 3009 3009 292
4980 4783 4224 3892
5923 5847 5737 5725
6030 5895 5458 5529
3013 3013 3013 301
5787 5574 5098 4421
5681 5604 5642 5364
5787 5333 4542 4378
5697 4359 4040 3807
5805 5780 5386 5110
5721 5613 5268 5152
5713 5599 5554 5567
5692 3473 1748 1241
5989 5985 5944 5926
5721 5045 4897 5099
5980 5110 4684 3221
6035 5995 5928 5915
2589 2399 1735 1679
4558 4521 4447 4403
6038 5940 5844 5510
5978 5979 5927 5915
5415 5432 4978 4444
5625 5014 4507 4505
5826 5794 5761 5746
5801 5604 5560 5557
5850 5657 5681 5557
5038 4168 3093 4496
5853 5553 5432 4971
4789 3617 2589 1907
5916 5572 5688 5333
6035 6002 5973 5775
5999 5941 5889 5830
5999 5963 5914 5746
6039 6012 6015 5623
5915 5953 5851 5794
5785 5110 4983 5099
5529 5427 1679 1149
5417 6039 5114 4897
3023 3366 4828 2014
5110 3926 4815 1836
3907 3791 3366 1146
3504 1068 326 1316
5620 5271 3829 3768
3052 4650 4050 326
5326 5076 3791 888
4703 4666 4552 3794
5711 5649 5557 5514
5122 5037 4567 4509
5046 4127 3692 3538
5685 5219 4458 3573
5794 4540 4047 3833
5810 5510 5363 5110
5887 5787 5427 5366
5805 5492 5339 5045
5915 5195 4887 4747
5181 4844 4276 3918
5882 4646 3984 3822
5942 5867 5642 5492
6001 5721 5110 5004
5264 5103 5038 5022
5666 5038 4646 4556
6035 5837 5501 5339
6015 5836 5778 5674
6034 5877 5794 5674
5960 5674 5270 5268
5960 5943 5877 5604
5633 5227 3998 3689
5989 5960 5804 5598
5761 5382 5360 5326
5947 5844 5538 4574
5954 5830 5810 5793
5196 3901 3884 2729
3714 2681 2166 1740
5764 5956 5644 5366
4980 5041 4956 4619
5386 4783 4027 3291
5344 4567 4389 4822
5544 3984 3886 3828
5516 5252 5625 5196
4789 4485 3984 4815
4485 3794 1068 751
5963 5635 5366 4789
3091 3091 351 1732
5830 5804 5344 5762
5779 5620 4836 4811
5794 5681 5500 5492
5318 3449 1885 1447
5895 5787 5750 5761
5535 5620 5141 4947
5844 5493 4082 4026
5893 5787 5794 5281
5893 5847 4930 4660
5825 5758 5754 5683
5847 5642 4945 3984
5926 5608 5110 4897
4605 3504 3791 2664
4703 4522 4285 3984
1631 1068 388 1018
6006 5928 5915 5953
6024 5908 5787 5219
5787 4608 4008 3933
5635 5811 5269 5107
5819 5219 4971 4496
5998 5915 5847 5786
6015 5963 5642 5581
5989 5896 5778 5749
5499 4846 4684 4224
6035 6015 5721 5692
5332 5110 4927 4883
5344 5106 4927 4783
6035 5361 5228 4867
5850 5830 5811 5754
6010 5557 5360 5310
4410 2112 2109 1728
5794 5366 4807 4424
5889 5666 5560 5762
5318 5309 5102 5057
5099 5025 5642 4509
4681 5467 2877 1241
1677 1469 1451 1448
5447 5099 3791 3542
5141 1825 1598 1437
4895 4672 4530 4822
5989 5839 5615 5507
5915 5516 5445 5431
4971 5184 4636 4496
4509 4487 4446 4285
5529 5320 5155 5152
5787 5529 5268 5110
5683 5318 5157 4978
5960 5794 5366 5038
5716 4511 4509 4249
4803 4652 4495 4384
5887 5794 5971 4999
5953 5613 4507 4446
5956 5753 5746 5715
5887 5802 5794 5523
5959 5830 5836 5761
3147 3147 5794 437
5915 5794 5497 5069
5953 4283 2508 2166
6015 5895 5953 5794
3151 3151 453 5635
4495 4868 3187 3209
5366 3828 3792 3674
3154 3154 3154 453
5041 4297 4102 3545
3327 3216 1469 1068
1469 628 458 3820
5657 5516 5196 4887
6031 5915 5725 5602
5979 5915 5893 5849
5332 5252 4932 4525
5778 5516 5312 5123
5626 5481 4574 3744
5642 4945 3894 3048
4790 4625 4556 4490
5915 5425 4731 4138
5977 2776 2483 2466
5557 5150 4126 3770
6035 5106 4063 4681
6015 5960 5846 5746
5889 5806 5762 5445
5432 4896 4446 3997
5414 5264 5076 4844
5794 5529 5058 4811
5960 5674 5197 5038
3176 3176 3176 510
6015 5999 5941 5889
5810 5181 2610 2481
4160 3208 1752 1099
2129 1752 1730 1469
5113 5111 4731 4682
5915 5837 5642 5264
6035 5921 5679 5652
6035 5963 5779 5620
5333 4674 1679 1068
4525 4507 4471 4446
5650 4674 4481 3726
5941 5268 5248 5038
5481 5073 4927 4276
6035 5973 5754 5427
5823 5794 5779 5853
5606 4276 1344 524
5181 2871 2824 1241
5648 5037 4661 3769
4818 4015 3969 3617
5960 5811 5851 5562
5119 4681 3936 3415
5204 5076 4855 4811
5196 5057 4864 4851
3661 3475 1016 849
5746 5202 4801 4186
4360 4386 4194 4188
6008 5110 4842 3066
4978 2634 2490 2379
5769 5572 5462 5715
5516 5510 5038 4932
5510 5860 5743 5038
5432 4731 4644 4282
3209 3209 3209 548
6006 5737 5219 4807
5787 4731 3771 3519
4807 4530 4258 3928
5794 5787 5421 5255
5915 5830 5794 5759
5581 5516 5377 5361
4947 559 4168 2642
4903 4082 4020 4353
4117 4020 2743 2066
4168 3884 2819 2203
5850 5840 5794 5746
4507 4040 3714 3282
5060 4699 4657 4421
5100 5022 5025 4448
4364 4168 4160 4093
3225 3225 3225 579
5847 5836 4020 3859
3227 3227 3227 586
3215 3211 586 4978
5963 4997 4957 5748
3230 3230 1469 586
5038 4687 4251 4311
5989 5976 5927 5788
5328 5267 4325 4226
5873 5259 4976 4893
4330 3803 3770 3835
3236 4485 1163 623
5538 861 1172 3647
3907 3277 1139 1056
2243 1630 1469 1068
5846 4040 3208 3969
3855 5947 2810 1469
2129 1613 1469 2243
3243 1469 628 2394
5360 4168 4578 2292
5196 4978 4851 4509
3246 4485 1469 643
5152 4445 3996 3649
5226 4317 3597 3578
6009 5667 5682 5286
5953 5737 5039 4555
6035 5877 5794 5662
5820 5570 5327 5073
6035 5754 5245 5106
5268 4674 3390 654
5560 1241 1014 1149
4403 4380 4168 654
5844 655 3609 2017
5492 4886 4866 4956
4501 4481 4407 3753
5941 5889 5830 5615
5993 5953 5794 5651
5960 5847 5300 5038
5123 4394 2120 1940
5805 5635 5195 5046
3265 3265 3265 669
5655 5268 4966 5073
3181 4770 1772 1679
6001 5926 5389 5762
5754 3617 2556 888
3892 3536 3174 3108
1469 1604 672 4681
5518 3984 3602 2506
5099 4168 4160 4063
5635 5584 5457 5073
4421 3686 2991 1068
5500 5107 5110 4634
5989 5953 5014 5004
5830 5678 4883 4714
3279 1740 1469 677
5099 4229 4179 4160
5788 5707 5164 5073
5333 2025 1223 4168
6034 5895 5633 5635
5181 4938 5069 3828
1920 5674 698 4168
3286 3286 3286 699
5805 5792 5794 5322
5419 5157 3674 3410
4936 3298 2824 1679
5145 5038 4774 4180
5110 4270 705 1000
1752 1671 1705 1434
5895 5492 3030 2672
5510 4446 4114 3840
5915 5877 5679 5523
5328 3335 3390 2084
3297 2084 1469 730
5569 5309 4168 3545
4980 5277 4844 4424
6015 5790 5598 5501
5010 3984 4561 2622
5685 5264 5038 4684
3303 3327 2099 730
5197 4506 4485 3592
5909 5853 4895 2236
5853 5787 3475 2180
5959 5004 4605 3591
3308 3308 1293 732
5538 2036 1752 1516
5811 5794 5654 5535
5442 5197 5099 4789
5963 5110 4714 4534
5598 5320 4684 4681
3538 2532 751 839
5767 5721 5528 5123
5598 5318 5152 4927
5572 5510 5111 4785
5237 4571 3041 1433
5960 5516 5272 4168
5937 3174 776 4681
1740 1521 776 1241
6020 5333 3545 2014
3604 4496 2751 1713
6011 5889 5811 5794
5794 5746 5529 5366
5901 5879 5762 5515
5442 5340 3933 3525
4367 1675 1674 1441
5184 2508 2287 1877
4868 4857 3750 3134
4650 1469 825 1490
5825 5614 5053 3791
5322 4903 5069 5073
3366 1241 1469 1146
5635 5252 5107 5879
3336 3336 3336 849
5814 5462 5041 4891
5889 5521 5348 5219
3339 4285 3536 849
4195 4168 4160 4146
5110 5099 4407 4015
5657 5038 4063 4353
3343 3343 5598 854
6006 4836 4731 4608
5697 5557 4149 4047
5830 5787 5106 4727
3347 3347 3347 868
5123 4733 4226 3845
3864 3678 3609 872
1149 1009 880 4168
880 2105 3823 1009
4154 2202 1679 1180
3353 3353 3353 880
5183 4790 4160 4087
6036 5587 5541 5272
3356 4485 888 4770
5909 5811 5389 5386
5529 5316 5219 3841
5805 5679 5516 5450
5915 5685 4485 4027
6035 5037 4936 4604
5333 5811 3346 5014
5073 5037 4915 4788
3649 3376 888 2021
6035 5746 5249 4657
5037 2746 1846 1740
5909 5857 5844 5555
5733 888 3962 4168
5943 2608 2592 1469
5651 5545 5268 4453
3371 1049 934 1448
3372 938 4168 2030
5904 5853 5662 4421
5879 5856 5596 4749
4790 3170 2216 1698
5830 5811 5679 4956
5076 4650 3475 1752
6035 5994 5832 5377
3379 3379 3379 991
6015 3517 3314 1599
6000 4276 3984 1490
3704 1503 1009 4168
5110 3134 1679 1068
3384 3384 3384 1014
5721 3984 2626 1836
4446 4005 3947 3379
5717 4596 4520 3824
4836 4895 3805 1340
4380 4278 4160 4060
4953 4803 4446 4285
3391 3475 1469 1016
5830 4753 4542 4139
5849 5811 5581 5386
5060 4923 3216 2985
5805 5081 4893 4610
3396 2966 1334 1068
3397 3397 3397 1068
3398 3398 3398 1068
3482 1607 1469 1068
4807 4226 3708 3541
6035 5785 5774 4646
3309 3243 3181 2368
6035 1469 1149 1604
5508 3842 2773 1068
5701 5173 5004 4160
5926 5152 5748 4851
3407 3407 1469 1068
5160 1068 1697 1241
5106 2733 1607 1149
5173 4160 4083 2415
6035 5924 5854 5547
6039 6015 5805 5474
3413 3413 1469 1068
3791 2626 1068 1697
3791 1828 1146 1093
5754 5401 5110 4505
3239 3470 1355 1149
5652 5445 4684 3984
5123 5110 5053 3828
5552 4167 3584 3617
5805 5508 4715 4556
5915 5657 4168 2123
5782 4559 3689 2198
5332 5301 2437 1087
3425 3296 2105 1087
5510 5038 5020 4168
5754 4604 3066 2754
4598 3585 3245 3096
6033 5657 5582 5516
5946 5928 3997 3840
3538 2664 1139 3609
5946 5915 5432 3661
5196 4118 4020 3291
4186 3291 2333 1140
3435 3435 3435 1140
4100 1469 1145 3079
3518 3517 4681 2842
4980 4848 4530 3750
5312 5196 4168 2608
3915 3475 3031 1697
5844 5593 5762 5445
5794 5761 5523 4520
5851 5754 4959 3475
3444 4770 3476 1149
5960 5754 5038 4276
3446 5038 1469 1149
3447 3447 1149 4168
3448 3448 1153 1942
3518 3517 1831 1163
3450 3450 4789 1163
3451 3451 1163 4168
5575 5378 3944 1489
3490 3162 1173 5674
5657 4522 3554 3415
5604 5462 5183 4227
4788 4283 4260 4160
6005 6012 5329 4681
4561 3475 1940 1185
5695 4509 4487 4211
3460 3460 1469 1217
5510 5743 4461 4160
3462 3462 2015 1226
3463 3463 4485 1241
3464 5288 1241 3409
5076 4579 4574 4428
5688 5482 5529 5219
3467 3467 3467 1469
3468 3468 3291 1257
3469 1469 1265 4168
3470 3470 1712 1469
6015 5099 5038 4168
5589 5094 3127 2966
3473 3473 1273 4841
5508 4285 1915 1273
3475 3475 3475 1290
5410 5062 2105 1297
3477 3477 3477 1305
5960 4815 4522 4109
3479 3479 3479 1316
5760 4447 4681 1316
3481 5264 5184 1332
3482 3482 3482 1338
3483 3483 1339 4168
4727 4086 2644 2377
3485 1469 4168 1351
3486 3486 1351 5947
3487 3487 4276 1351
3888 1469 1834 1351
3489 3489 4168 1382
5657 4657 3840 2435
3491 3491 4152 1394
3083 2866 1469 1426
5230 4530 3307 1434
2235 1469 1876 1447
3495 3495 3495 1469
3496 3496 3496 1469
3497 3497 2846 1469
3498 1469 4168 1670
3499 3499 1469 4168
3500 3197 1721 1469
3501 3501 3501 1469
3502 3502 3502 1469
3503 3503 3503 1469
3504 3504 3889 1469
1752 1469 1504 3053
3506 3506 3506 1469
3507 3507 3507 1469
3508 5829 5718 1469
3509 5690 1469 4168
3510 3510 4574 1469
4522 4285 4160 4109
3512 3512 3512 1469
3513 3513 3513 1469
3514 3514 3514 1469
3515 3515 3884 1469
3516 3516 3597 1469
3517 3517 4976 1469
3518 3518 1469 3273
2508 1469 2062 5491
3520 3363 1469 5332
3521 3521 3521 1469
3522 3522 3522 1469
3523 3613 1469 4168
3524 3524 1469 4168
3525 3525 1469 4168
3526 3526 3526 1469
3527 3527 3527 1469
3528 1919 1469 3518
4681 4040 2684 1469
4595 4567 4421 1469
3531 3531 3531 1469
5058 4820 4767 3933
3533 3533 3533 1469
3534 3534 3534 1469
3535 3535 3535 1469
3536 3536 3536 1469
3537 3537 3537 1469
3538 3538 2929 1469
3539 3539 3539 1469
5084 4851 4522 4168
5989 5847 5073 5076
3542 3542 4168 1483
3543 3543 4555 1495
3750 4168 2809 3970
3545 3545 4841 1604
3546 3546 1607 1670
3547 3547 4485 1624
5114 2338 1626 3482
3578 3828 3390 2856
3550 3550 3550 1631
4168 2017 4466 1644
4674 4610 4301 4344
5915 5355 5076 4297
5762 4515 3597 4353
3555 3555 3555 1712
3556 3556 5853 1712
5343 3366 4168 1712
5257 4555 3515 2907
3559 3559 3559 1740
3659 3228 3475 1740
3561 5615 1747 4168
3562 3562 1748 3984
3563 3563 1748 4168
3564 3564 4537 1748
3565 4157 2992 1754
4869 4815 3591 2912
3567 3567 3567 1777
3568 3568 2287 1777
3569 3569 3569 1811
3570 3570 3570 1857
4779 3855 1863 4276
3572 3572 4853 1864
5976 5339 1925 1876
3574 4815 2985 1876
5598 5397 5412 5402
3576 3576 3576 1896
3577 3577 3577 1914
5928 5019 3997 3892
5779 4927 4724 4485
4168 3884 2120 2015
4202 4087 3625 2908
3582 3031 2992 2062
3583 3583 3583 2062
3584 3584 5333 2096
3585 3585 3585 2103
3586 3586 3586 2105
5257 3597 2120 4168
4703 4168 4160 3302
3589 3589 3589 5915
3590 3590 3590 2129
3591 3591 3591 2131
5779 4836 3538 2303
5748 2292 2160 4646
3594 3594 5099 2167
5977 3538 3475 2262
3596 3596 2915 2263
3597 3597 3597 2263
3840 3031 2856 2278
3599 3599 3599 2314
3600 3600 5138 2317
3601 3601 3601 2343
3602 3602 3602 2439
5679 4815 3300 2664
3604 3604 3604 2506
5593 2549 4168 4578
3606 3829 3223 2664
5915 5110 4851 4550
3608 3608 3546 2795
3609 3609 3609 2868
3610 3610 3610 2884
4421 3726 2906 3404
6023 5678 3617 3313
5320 2927 3694 3820
3614 3614 5853 2961
3615 3615 3615 3014
3616 3616 3616 3031
6034 5531 4309 3031
3618 3618 3071 4168
3619 5582 5184 3200
3620 3620 3620 3233
3621 3621 3234 5316
3622 3622 3997 3291
3623 3623 3623 3337
3624 3624 5146 3366
5422 4794 4650 3366
3626 3626 3626 3390
3627 3627 3627 3392
3628 3704 3401 4168
3629 3629 4037 3427
3630 3630 3630 3475
3631 4258 4060 3475
3632 3632 3632 3484
3633 3633 3633 3506
3634 5432 3518 3517
3635 3635 4680 3517
3636 4502 4154 3520
3637 3637 3637 3574
3638 3638 3597 3617
3639 3639 3639 3609
3640 3640 3640 3609
3641 3641 3641 3609
3642 3642 5044 3609
3643 3643 3643 3609
3644 3644 3644 3617
3645 3645 3689 3678
3646 3646 5716 3764
4807 4485 3892 3789
3648 3648 4130 3826
3649 3649 3649 3841
3650 3650 3650 3859
3651 3651 3944 4168
3652 3652 3652 3951
3653 3653 3653 3984
3654 3654 3654 4100
3655 3655 4115 4168
3656 3656 3656 4168
3657 3657 3657 4168
3658 3658 3658 4168
3659 3659 4485 4168
3660 3660 3660 4168
3661 3661 3661 4168
3662 3662 3662 4168
3663 3663 3663 4168
5020 4887 4366 4168
3665 3665 4218 4168
3666 3666 6000 4168
3667 3667 5146 4168
3668 3668 5516 4168
3669 3669 3669 4226
3670 3670 4276 6015
3671 3671 3671 4343
3672 5949 5333 4485
3673 3673 3673 4485
3674 3674 3674 4552
3675 3675 3675 4552
3676 3676 3676 4571
3677 3677 3677 4578
3678 3678 3678 4627
3679 3679 4887 4634
3680 3680 5322 4650
3681 3681 5145 4750
3682 3682 4765 5877
3683 3683 4789 4815
3684 3684 4932 4794
3685 3685 3685 4801
3686 3686 3686 4811
3687 3687 3687 4873
3688 3688 3688 5946
3689 3689 3689 5076
5531 5542 5104 5184
3691 3691 5753 5219
3692 3692 5794 5226
3693 3693 3693 5312
3694 3694 3694 5327
3695 3695 3695 5333
3696 3696 3696 5333
3697 3697 3697 5333
3698 3698 3698 5419
3699 3699 3699 5432
3700 3700 3700 5493
3701 3701 5948 5555
3702 3702 3702 5674
3703 3703 3703 5779
3704 3704 3704 5850
3705 3705 3705 5937
