22 37 27 24
71 64 131 87
104 178 168 41
26 214 113 63
131 321 171 236
420 166 178 395
113 124 107 434
486 321 499 432
41 420 64 530
669 396 637 64
567 533 167 128
835 836 176 832
5 124 838 244
865 168 864 868
127 175 168 530
934 585 438 927
950 0 983 64
82 734 1054 1077
128 23 64 205
246 242 68 949
1168 929 911 64
124 64 1018 486
1259 1277 1269 683
168 164 27 390
127 60 48 352
1308 113 1390 304
715 520 319 697
186 1460 5 64
44 212 1188 727
797 1142 26 1490
1512 1428 212 206
164 392 1064 799
799 23 798 1547
27 1599 1401 1387
1592 82 1632 127
489 1661 22 26
1052 5 64 1408
392 1689 171 49
1692 246 0 167
1703 64 463 731
1076 92 584 1210
0 1721 171 797
547 41 730 5
388 64 1086 633
1023 75 23 637
790 1732 1806 1131
453 0 336 82
427 5 1825 558
1287 538 799 113
1139 1881 1884 82
30 214 27 1885
484 1890 23 488
41 82 1186 0
654 44 2002 994
128 795 420 799
542 2005 932 23
1685 434 815 326
434 635 0 1607
44 82 162 52
677 489 83 686
888 934 27 484
246 92 127 96
2135 2136 420 509
438 64 48 463
113 26 533 541
171 2146 1180 657
1131 1308 113 110
414 2152 399 38
171 48 1645 124
291 321 920 331
2076 586 246 127
280 799 199 831
124 1149 21 41
829 27 1011 171
2184 60 64 2199
2094 386 4 2212
2213 532 368 788
707 1098 219 611
1518 2157 22 168
64 0 1835 128
64 1563 515 1454
118 690 949 519
432 2236 1360 728
683 1018 113 1150
1142 138 48 557
64 14 80 202
309 5 2248 2246
113 0 92 960
48 153 0 41
75 236 48 44
1388 292 1959 92
447 2282 1745 27
145 2291 1373 124
321 41 2296 331
1524 216 124 0
627 983 64 2093
781 692 669 486
64 48 534 153
2141 153 738 686
44 127 743 64
1853 64 1218 1592
22 272 486 264
609 420 189 1367
1285 0 1634 1124
5 1312 974 143
321 566 48 635
1037 698 27 183
22 128 1209 243
44 570 0 64
518 1157 113 60
1061 48 799 171
799 87 2346 582
131 5 23 48
332 1266 321 235
48 737 1118 1829
48 1991 792 1350
1558 2396 171 192
139 1232 64 724
1695 1357 1326 2136
0 509 470 669
772 1088 277 434
127 515 775 669
38 625 669 1545
523 799 86 74
1639 2424 64 114
945 64 182 669
22 113 44 446
168 2456 1007 2457
27 2460 446 799
246 2466 2468 2467
2412 44 168 2051
577 398 1183 2339
518 22 862 246
887 60 44 1133
2279 955 1500 654
0 124 2507 669
174 168 113 1071
1991 458 1434 676
754 1351 128 82
431 168 353 2030
1241 1185 1018 27
424 69 504 1076
273 792 788 104
41 171 387 1845
1401 1331 628 168
2041 2079 44 1503
92 2535 157 1081
434 962 586 186
799 399 868 151
1163 284 64 791
517 1030 60 1091
2259 27 843 168
2606 480 537 1056
124 1129 669 1665
669 283 0 421
1379 23 1590 880
148 171 696 1360
420 684 2623 131
48 64 127 770
64 44 896 213
460 321 1261 486
5 127 1881 891
1177 614 1827 534
669 1568 153 1727
610 2406 1227 1095
23 127 335 48
2427 27 433 41
189 26 434 456
1315 113 48 212
246 64 756 153
766 95 23 669
1498 64 994 746
330 160 26 1490
1853 583 650 22
392 486 203 168
86 678 124 246
64 535 27 766
420 2152 44 1050
1428 116 22 676
0 432 2099 2300
2061 1330 23 430
531 1668 23 27
2 2233 392 5
106 1381 41 434
517 267 1198 236
2016 2286 26 2747
153 1059 453 199
392 1300 2177 124
128 1466 26 48
5 743 48 746
1957 44 638 0
2581 171 92 97
859 1768 26 2672
274 92 139 35
531 68 853 167
1555 382 420 905
113 902 22 5
642 113 905 1202
18 113 22 396
1383 2163 862 1843
48 5 2722 529
124 2615 1826 89
2382 1200 22 568
277 64 424 113
502 64 2856 139
1345 1248 937 1604
124 1839 2262 27
41 486 92 23
1691 22 534 1194
1267 1426 193 1934
401 26 591 2859
27 565 156 127
895 64 92 44
124 1423 130 420
392 41 2144 5
1032 1761 64 489
64 246 5 171
2615 2837 379 1714
48 2320 971 701
51 1539 92 1730
486 22 2438 2602
1381 127 1267 837
482 605 799 138
321 464 39 113
2909 1408 1390 2099
1104 136 568 2546
60 603 661 0
885 259 4 231
48 27 545 1828
113 308 1115 40
434 1387 343 177
1535 710 113 772
64 27 139 1417
746 160 312 669
2646 5 2269 64
60 2379 64 359
64 420 205 290
1352 323 82 752
64 518 48 23
392 1008 1222 710
799 489 26 1789
64 124 134 619
2267 183 5 153
994 26 246 321
41 448 386 1248
1181 48 64 935
1096 200 48 216
1818 940 1396 878
930 129 44 864
888 26 1916 2175
22 1256 27 8
173 211 171 497
1042 44 1112 397
22 1072 764 434
724 1219 2130 128
64 296 328 48
857 264 735 171
3 159 26 2679
434 1712 246 124
112 157 280 1087
536 58 60 138
857 74 64 44
260 1005 82 417
1145 650 1655 52
64 771 176 22
0 875 567 5
438 168 567 436
128 849 231 417
2227 246 113 701
2636 2961 669 849
128 64 2884 113
392 340 669 1022
144 60 240 44
1083 26 518 60
128 26 246 62
770 27 1144 1130
38 41 280 64
72 2046 136 1038
918 795 2980 420
2052 90 48 82
151 0 714 643
113 2385 27 150
228 1981 454 119
387 22 897 242
143 2819 940 799
116 26 669 1436
168 0 1063 155
2038 2093 578 1051
792 1083 799 514
881 26 577 27
60 92 1091 127
489 1106 0 44
128 1730 420 2993
456 1344 386 0
0 949 185 1835
113 1005 311 974
664 650 667 1180
422 23 20 1130
26 1730 275 212
92 1712 304 9
109 64 305 92
586 1869 397 420
2578 396 255 1194
1126 539 3024 2121
1766 928 2382 2391
38 64 1879 5
48 17 10 1237
44 64 39 1285
127 23 113 687
60 22 80 1617
27 38 168 23
751 0 326 1331
1080 3035 41 31
153 529 2538 44
153 124 443 0
1547 64 48 139
10 198 711 975
595 123 0 1456
620 0 366 489
411 124 1384 48
64 571 27 246
153 765 124 273
113 800 252 260
2468 2000 1737 406
27 1271 153 1763
5 1087 669 15
1090 1976 60 173
1216 34 1149 127
836 27 1309 64
44 63 394 48
27 1364 1679 22
761 561 1236 669
600 153 1122 2313
27 1543 489 766
1418 434 65 128
2 748 27 44
746 1204 1242 134
264 392 420 1258
41 64 1417 486
607 1728 168 1600
1564 586 538 1053
592 1737 381 214
486 610 627 1949
127 1113 916 27
1905 64 3088 669
140 1067 41 1675
27 479 171 392
1628 64 419 60
1524 555 98 209
60 780 1052 189
1301 1316 113 280
41 486 1951 98
127 434 2641 797
1457 1712 5 431
181 97 510 207
113 852 202 1015
1104 44 1586 2427
2906 26 435 1615
26 45 1270 799
64 168 731 48
1670 489 1784 205
27 443 2305 168
1883 1027 24 529
1517 1345 1273 246
8 1967 1665 1866
48 662 954 64
2046 1109 22 414
92 127 1984 2061
741 386 5 2827
1175 669 23 567
189 420 766 1120
113 22 4 185
606 214 128 1108
799 129 27 1939
1812 1273 97 306
44 142 669 127
171 64 527 975
697 681 64 463
23 471 44 481
113 64 825 57
1718 489 602 153
280 435 706 893
0 439 1836 1339
5 1363 1341 44
438 1385 1371 91
491 2166 1934 1056
1675 914 1733 486
1561 1239 292 461
3060 662 4 128
1109 60 244 301
669 1574 729 171
1582 1812 124 40
631 799 2136 874
1346 1687 44 657
4 23 882 910
27 184 23 1321
478 1957 280 23
1234 1385 127 1331
177 392 217 1327
869 544 506 27
687 2235 335 567
1586 168 675 184
292 634 1109 1343
246 64 92 932
2093 99 14 139
200 461 1109 871
18 1009 954 871
1905 201 132 669
794 26 868 489
1860 2144 625 48
12 64 1624 48
428 23 1323 321
386 113 1276 64
1024 124 1045 2205
214 48 202 60
168 242 127 491
210 1258 13 294
51 693 567 22
669 207 1844 3130
205 1634 614 350
27 244 783 64
44 64 883 1171
5 741 113 420
799 2873 1108 662
0 711 136 92
60 1834 611 669
1298 1091 600 92
60 307 64 124
1667 942 97 171
1252 64 567 669
92 64 1409 146
428 489 558 463
23 2372 145 392
44 709 104 1111
489 434 698 113
1874 767 1075 1457
1153 1103 630 153
27 1163 48 1623
545 64 171 149
489 64 22 0
153 113 727 777
325 1751 321 138
401 1116 41 23
1050 124 1327 423
246 2091 641 1068
113 531 64 1773
23 2109 1608 392
1014 26 814 202
92 2158 241 2187
189 41 861 529
0 64 486 183
1871 2041 777 1578
611 94 48 1405
1184 1734 127 64
669 481 27 45
2384 392 374 26
1118 23 27 171
113 851 698 1228
1730 64 586 125
113 755 2320 1191
590 685 64 447
319 127 64 2577
48 2141 22 64
3092 78 2754 124
324 64 1034 1056
766 1348 1098 772
396 0 1393 547
2830 556 60 3164
742 2093 64 1310
64 60 438 124
1029 275 127 1526
104 127 484 420
1345 420 179 267
132 181 434 64
1687 561 3167 127
1042 1204 64 2095
394 1431 0 592
420 153 1423 246
1256 22 147 1831
0 48 2158 1416
189 44 1176 171
864 124 57 1152
60 1868 27 416
92 38 89 331
600 64 150 127
127 600 973 64
1456 321 44 84
717 420 1055 1045
650 64 283 5
60 14 22 641
1145 0 56 460
642 268 48 128
922 2041 2048 231
1539 1367 168 195
92 2012 386 48
243 45 15 104
92 2768 769 41
64 609 713 766
396 1384 60 1662
884 680 600 203
882 2945 874 923
246 1407 1516 406
127 1250 128 1175
1041 170 44 0
128 1890 669 1119
850 762 584 420
246 1816 1999 321
23 556 695 128
64 0 2570 246
392 771 2255 935
1071 1297 3176 392
22 1950 2072 321
596 1617 164 434
1010 1711 810 881
0 1182 113 61
1039 375 338 1198
782 1367 92 337
1091 524 1680 48
171 420 27 765
1740 2847 166 1299
64 396 401 1592
64 1827 735 304
15 2569 669 168
2633 22 1341 1221
509 127 799 1251
717 336 246 2777
168 515 174 128
48 44 1184 686
2717 434 1915 1649
392 1475 2633 760
1194 126 942 153
41 1084 384 1323
1457 3198 1499 27
41 2267 2567 1991
113 3200 995 3201
2743 1029 517 173
1311 105 2736 481
64 113 23 1500
64 213 1003 847
119 1139 873 26
44 162 1423 26
2076 356 160 27
22 465 868 192
434 111 57 26
168 925 41 1025
825 153 925 246
86 92 720 44
2066 1302 132 669
742 1145 1211 1707
1401 434 2849 1517
128 64 766 643
1250 625 27 2674
64 26 425 392
1364 0 386 412
575 246 64 206
64 710 5 2350
127 2135 124 524
127 546 486 338
973 950 41 1190
1755 60 714 143
41 1060 26 532
584 2101 1864 799
896 2167 529 64
64 489 1599 748
1066 1817 5 2385
127 564 1374 2165
1072 41 92 2548
171 3088 23 128
82 124 624 1102
911 669 64 1216
741 1647 64 556
26 2270 2110 633
27 0 92 82
1322 376 41 467
92 124 153 1499
1492 1604 60 153
64 215 41 1158
23 614 669 800
128 565 26 514
246 2236 669 159
1279 3109 34 127
41 1823 0 64
1471 40 434 1301
186 1310 26 814
22 0 356 335
321 420 775 200
298 399 1709 420
153 486 0 1635
22 1601 124 878
351 26 128 921
610 246 26 82
5 1346 1604 1225
489 1524 27 1211
1613 1585 246 23
153 1221 171 64
48 1181 565 2861
1837 3212 64 2306
1405 51 127 327
1753 135 1233 2066
814 179 629 799
392 755 26 803
2654 669 22 319
133 1617 765 153
642 1935 2355 5
22 92 23 44
3033 843 1426 7
22 1416 48 762
52 27 124 133
113 305 64 85
1275 168 434 41
144 746 0 506
113 1758 1262 425
814 41 194 246
797 41 939 531
41 590 22 147
283 1352 2743 1868
60 127 20 231
635 1301 131 124
1610 688 19 64
1859 0 184 23
1425 27 718 2543
482 48 669 1730
168 64 84 486
392 99 388 64
727 1509 139 173
27 124 0 60
1488 1260 60 506
171 1601 450 283
488 486 1131 434
128 92 246 424
40 729 79 644
27 1310 77 522
65 2459 486 434
26 64 60 671
113 153 1346 613
27 92 64 5
321 1216 1046 655
1815 64 808 1837
1475 41 2077 2368
41 1302 904 1887
22 392 153 420
594 789 22 124
1135 48 1067 246
321 760 64 1093
486 36 436 48
799 891 1264 48
22 1048 60 1301
1772 22 448 406
22 2293 765 171
392 577 1301 183
105 728 1389 392
314 3250 688 3251
305 40 27 2093
128 143 23 113
871 252 766 27
186 171 168 579
115 803 30 26
798 219 3204 1439
392 1422 669 534
5 66 2417 48
117 874 2013 3263
44 673 22 1028
127 1723 23 572
714 434 23 20
123 1215 155 2239
127 5 428 246
489 31 126 1458
690 975 799 117
167 23 663 113
2849 2291 3265 626
259 587 0 1904
153 60 123 1064
1260 2295 1895 23
609 255 128 1568
22 1310 60 1429
22 113 44 246
542 849 901 1909
561 1229 1576 26
0 261 486 1700
1156 186 5 44
32 26 1209 0
48 64 613 567
26 1748 1367 1396
788 27 534 128
528 1366 5 2606
167 688 64 2596
22 306 392 662
124 2102 2042 600
1308 5 1119 2836
5 1155 26 2236
2535 124 916 5
324 0 2841 246
23 208 64 1381
630 171 1014 343
92 113 573 213
127 486 92 273
44 2144 5 1584
127 1955 113 764
2058 1511 488 141
171 1071 2639 543
200 769 44 62
10 0 343 2080
669 127 1928 92
60 451 1697 1539
41 518 324 72
2002 661 99 486
26 131 630 64
489 1350 660 215
791 220 437 2387
59 1939 0 246
1273 27 0 893
22 197 1209 44
27 1267 64 1575
659 22 104 92
82 610 124 51
1112 1808 1118 48
1777 84 268 41
538 64 1957 1088
489 486 1334 949
48 638 123 27
127 1928 1419 60
48 742 41 128
124 775 272 894
766 2811 2857 309
669 1858 2491 1339
1601 1594 939 196
1313 2705 260 669
507 60 1603 261
167 0 3056 27
1438 3145 1901 1331
336 1304 669 166
1812 1385 3307 92
1930 1095 127 472
1604 64 202 669
1334 213 1374 22
1198 2427 1306 246
669 1084 960 15
2376 48 2258 171
799 27 1271 168
151 60 437 447
1198 1380 350 168
2385 1363 127 128
1401 0 331 237
0 2892 124 1102
2091 376 808 2587
60 94 604 5
2636 48 2172 2060
113 1016 124 558
143 236 414 64
2106 48 570 2911
1069 64 925 127
451 304 1187 173
1115 117 771 517
44 1381 657 1415
153 437 902 124
2043 1685 128 27
128 1393 600 905
171 692 64 73
2094 153 15 953
3171 584 26 1462
62 767 48 2261
42 27 124 1133
22 27 74 715
92 1604 178 60
1425 699 64 1301
392 1921 828 127
1835 167 1321 127
246 349 533 885
2119 2673 799 1829
1135 23 64 445
44 994 1759 0
168 107 683 175
85 144 0 2671
44 207 128 376
2192 931 48 732
26 1487 148 660
614 168 171 1431
22 1095 3041 555
669 789 386 0
1013 606 3041 5
92 437 496 1919
1105 489 2483 209
1172 5 60 2050
808 0 92 1668
133 0 128 23
171 64 1242 60
125 179 246 124
44 139 92 124
168 3096 701 1886
900 171 1131 22
690 113 489 316
5 1132 0 2000
246 60 153 22
434 420 169 729
1037 1310 106 173
584 669 64 709
82 684 2939 1331
177 2436 168 713
364 1174 3033 433
321 852 1806 153
1984 2095 168 363
64 499 426 465
633 385 22 1734
420 2 3205 168
2540 64 1686 171
510 785 826 1512
22 273 1796 2840
538 22 885 5
171 2187 1077 124
2170 2146 416 64
209 1313 411 766
956 171 1280 1858
107 2686 128 2943
331 168 2694 336
918 127 1808 1149
1551 385 60 64
1683 572 1181 246
349 64 148 1328
454 737 1044 22
989 246 208 236
33 23 60 1059
149 784 60 1086
413 515 547 283
27 236 1703 836
168 10 409 129
266 2154 349 553
765 420 1352 1601
352 586 444 5
92 1426 64 1449
317 127 325 1239
1641 1980 89 437
41 370 2747 60
593 799 1063 872
44 1613 1557 92
246 1862 3100 423
2208 1177 682 124
799 2451 41 1154
1202 2785 999 124
22 41 434 150
411 41 627 246
0 2913 922 1459
434 67 48 85
127 522 1041 1196
1471 1276 1814 0
1524 731 175 124
41 664 2416 27
127 243 2555 964
124 1851 733 248
1174 90 966 1045
1262 17 642 2942
60 69 206 113
113 41 22 44
361 64 643 5
353 0 48 312
213 434 352 760
106 1969 27 2159
321 358 2269 2131
1837 127 298 2016
2382 237 482 420
1428 82 1688 1073
145 48 1176 322
1634 3142 457 128
594 15 124 256
1467 23 113 321
669 840 153 1862
1834 60 48 124
2887 44 116 766
113 1899 1056 0
182 2197 1509 2158
147 22 41 1999
264 2205 1328 2203
396 62 1782 1278
23 3326 699 2033
1003 907 747 44
2535 1179 1177 243
64 1302 486 50
669 1066 575 2891
1341 15 733 791
1017 1131 41 409
766 1308 1860 64
2884 89 64 2946
13 1029 2373 989
246 64 486 1509
27 2756 104 1528
113 5 1025 1842
64 1631 2065 0
1289 246 44 1453
1046 22 715 392
1645 303 194 0
904 1081 534 669
1001 646 1228 60
2532 127 604 1535
41 1561 219 573
23 78 113 264
323 460 127 1433
130 2409 17 40
64 916 1808 22
168 366 1163 432
792 392 2124 828
2480 1618 1023 2610
1124 547 1836 1680
113 953 1163 434
1586 236 23 118
3134 64 2339 113
317 887 48 793
1850 64 48 1595
753 246 64 128
26 113 153 488
2714 2435 44 738
64 113 44 448
350 246 856 1244
41 2041 275 138
203 22 119 113
799 127 5 224
731 171 783 1250
124 735 1131 1629
553 1270 60 113
1114 2394 2011 787
41 555 48 0
1119 1772 64 745
153 686 41 653
1503 149 2051 41
246 2522 22 153
907 352 44 127
766 1401 567 420
564 619 1165 127
631 1370 5 1388
0 512 1131 1672
2135 426 0 489
876 508 669 64
1009 1738 311 1634
292 120 420 1687
22 465 208 1422
894 1307 428 2069
1860 747 40 321
2392 202 64 274
113 64 198 434
640 2288 418 113
506 206 246 325
27 618 246 1190
59 805 817 2650
415 486 219 1383
124 392 44 629
694 741 64 1529
153 644 127 246
0 1721 2342 41
321 814 314 392
467 207 3260 26
1262 1712 64 1583
1084 64 22 128
321 150 89 374
48 21 337 309
41 1702 420 2116
171 575 1313 1696
418 158 2768 603
741 1015 2353 168
23 862 523 128
264 0 246 48
128 64 547 567
766 1106 23 411
1021 1146 2573 171
168 183 1321 566
1586 520 148 766
1543 64 98 22
894 157 2870 799
489 2988 1092 2549
23 2377 2949 831
1641 41 1116 998
300 1334 19 2668
64 1064 2346 3374
128 72 434 252
92 2066 160 142
2671 722 2491 321
718 2630 92 64
1139 188 865 668
1176 23 125 64
769 2025 127 1218
1083 909 1557 486
1050 26 171 639
64 1 92 2418
434 2201 1500 331
1406 2275 174 1503
0 263 2213 5
988 41 92 1278
1084 557 2535 2099
1830 1462 421 48
1955 1269 669 420
1435 701 392 1521
253 2055 420 1463
23 274 1351 3278
168 1361 127 26
919 89 153 729
171 26 264 244
669 0 113 420
958 44 1414 1843
1179 41 2424 64
401 731 1416 1116
26 1612 176 168
653 1771 26 2076
736 1112 64 54
3076 246 2788 849
434 586 22 113
141 48 64 91
5 413 608 151
127 1406 12 719
718 246 2273 127
124 1674 857 1091
2067 153 60 636
489 632 26 32
2013 486 41 573
64 1722 545 517
327 2550 896 1160
799 780 832 434
1396 22 39 60
669 128 2264 1346
434 52 316 392
1460 489 1396 2098
1173 1180 799 400
146 727 105 669
64 375 244 186
911 124 1368 1984
1748 64 579 2098
420 128 535 1253
113 414 82 84
124 64 244 1162
1651 92 519 465
454 756 2868 513
1577 3196 463 560
1635 168 64 310
836 1313 113 601
561 0 60 1601
420 1535 50 64
44 202 3071 300
425 2148 153 64
127 1859 1957 113
1331 44 669 864
1180 669 1073 1153
755 82 489 0
1155 82 321 1866
0 695 831 104
2222 669 1507 113
390 615 3023 652
5 242 41 1650
206 1384 825 1365
1408 2346 1381 2764
1308 1761 127 208
634 92 472 1883
82 335 521 392
321 709 1112 417
506 26 1138 929
413 1114 0 2320
153 355 334 1383
632 1812 3212 2537
571 580 127 561
119 2734 1633 64
146 171 22 2265
470 2091 391 869
1041 64 827 1717
1876 704 26 2213
1028 2331 2454 189
60 23 434 0
496 1568 218 22
22 64 40 743
579 120 41 127
447 283 251 246
13 2237 896 1596
64 1046 839 23
434 138 566 1152
3177 453 937 2410
1326 128 656 74
1495 23 895 1211
1131 23 60 1368
124 2758 2755 128
64 770 612 48
263 321 153 1466
222 64 152 1079
1169 85 321 434
82 535 766 412
1175 124 1228 1243
768 650 1126 2943
229 2899 195 171
41 142 264 48
2 2199 814 153
876 1333 142 434
353 911 575 16
218 113 60 179
64 428 1974 771
420 104 97 14
799 375 1722 48
400 128 799 0
2435 168 1420 396
2541 160 1190 60
693 221 153 216
3034 23 1371 1055
1528 420 697 434
124 1731 64 520
405 818 1137 87
46 788 48 22
766 489 153 321
2504 41 1596 326
27 64 353 528
799 1825 1373 1157
945 1034 26 2039
986 184 914 645
2111 27 22 97
1595 26 1431 1095
41 1436 507 585
2232 1041 0 2120
2200 719 64 1300
669 324 2157 14
49 92 126 0
576 369 799 64
1604 154 1135 48
64 682 1658 1401
662 125 2402 1900
730 792 124 762
2414 2959 699 60
171 60 282 209
1371 322 22 1259
766 1740 450 1494
1115 82 0 925
766 799 716 425
1340 434 1097 414
92 35 1075 44
669 799 875 359
215 27 0 135
2233 669 563 840
168 586 1380 767
26 72 509 27
251 133 1728 390
435 532 990 434
825 737 1421 41
650 48 199 92
2257 128 26 199
1904 393 2544 60
242 60 746 1433
1535 799 669 2099
1846 1396 5 133
530 128 5 23
321 3181 175 5
127 878 2197 684
2608 246 596 924
97 895 793 111
520 879 48 60
238 669 465 82
2362 1115 1059 1666
44 754 377 670
766 231 424 27
1417 26 453 1081
1550 3447 1785 1264
1321 1400 766 26
2369 1790 1603 489
128 113 327 571
3448 1214 2132 2872
284 44 64 518
1767 127 2206 1681
871 136 676 902
60 669 64 2285
943 144 1365 2884
816 814 1396 2671
64 1685 1981 75
650 117 2047 124
130 1408 2468 810
1404 153 959 1648
183 324 92 104
404 27 766 825
64 22 41 2870
634 1851 243 563
1714 662 171 113
1691 1346 23 1955
1368 128 27 41
5 992 23 41
1765 60 142 732
3453 27 610 571
2754 414 189 64
44 51 771 1200
505 148 669 2017
644 0 244 766
219 352 994 64
679 22 23 48
1047 1315 1549 610
160 500 766 128
2126 1500 321 168
1209 595 44 537
210 26 1771 194
431 124 2393 2376
612 26 27 280
588 311 82 59
1163 1356 127 362
64 105 104 771
38 1962 2637 124
2227 560 143 64
128 92 891 392
1626 23 200 2080
1535 464 901 1327
64 926 352 938
452 770 0 1543
1725 16 72 1126
27 1007 22 1256
1419 31 1232 835
22 843 936 171
514 41 2055 566
263 95 2153 1001
656 0 669 2945
2913 158 1875 3244
1808 1461 795 2409
1184 671 783 128
1824 82 158 1948
64 1582 917 130
392 916 174 563
64 881 105 175
27 1392 1787 512
770 321 156 169
399 1844 1811 392
1341 1893 516 799
263 342 1104 1619
331 864 756 41
724 60 884 2321
186 64 44 1471
189 65 48 127
22 678 64 113
504 392 26 1177
702 1070 22 5
308 5 101 392
0 41 400 23
1187 0 659 2286
556 1106 329 2625
22 1188 60 334
26 2072 113 465
214 1309 769 738
1187 1365 1368 82
1004 171 141 127
794 128 1382 1786
64 22 431 277
229 232 27 128
799 182 420 815
113 1851 925 701
0 2836 2041 417
1738 999 206 795
1209 82 526 374
2187 1105 460 1046
392 1298 273 434
1061 1256 23 754
22 406 445 1067
2535 1670 392 261
1359 486 669 113
22 69 1417 876
1354 209 27 251
972 660 1343 1475
392 315 524 799
868 669 1564 5
766 168 1064 41
145 2559 92 80
110 514 127 22
116 20 641 5
1218 2139 5 1727
168 1322 459 124
2680 1532 1703 64
528 64 704 208
136 1291 113 41
689 113 594 1090
506 1499 1181 1711
78 124 146 1566
27 2196 744 0
524 146 3072 787
205 2527 414 577
2481 273 1191 1250
470 799 434 486
48 538 41 23
546 1986 54 2808
128 662 64 140
767 321 171 81
576 3027 127 871
919 41 2431 420
64 1546 1505 321
669 967 157 96
885 565 160 1085
812 810 568 41
1102 728 799 1092
200 1332 48 19
1913 2255 419 2362
1836 762 27 409
2333 242 128 33
699 2866 312 420
64 246 1373 78
1106 825 1389 116
1226 2117 766 2757
2153 642 22 47
26 177 22 689
27 792 64 321
836 1940 392 64
630 420 94 669
1603 168 1869 463
879 2927 247 3308
454 504 48 41
371 246 799 27
1585 391 601 1300
718 64 27 252
1939 434 1353 416
2058 2670 1899 1719
2379 486 1080 26
1385 2282 508 881
669 172 1592 1736
113 64 579 327
276 565 2624 0
5 64 2740 480
1731 1602 64 798
171 315 1674 756
538 5 1316 118
523 1061 280 3070
988 1883 1711 60
1127 476 2581 486
1191 434 242 305
64 521 34 939
246 420 2706 48
113 702 1995 246
0 319 124 644
44 690 972 1786
1966 1038 22 246
669 630 1577 145
1225 669 1405 704
1299 5 2 896
64 481 3043 566
701 486 153 104
22 841 41 434
44 1883 265 64
151 5 1345 1894
623 92 113 23
94 127 324 148
41 127 573 2767
1406 22 3118 1098
0 349 168 1265
449 324 799 3062
392 2608 336 44
955 2153 420 2003
1176 48 1266 1295
1699 131 2682 926
1878 336 27 26
2338 3482 799 584
486 1239 1211 1967
489 1604 1396 41
67 124 1246 2782
64 207 1195 475
596 23 26 168
434 2076 1601 596
44 142 1102 91
884 300 2573 41
64 1767 4 719
5 0 848 1538
124 48 657 12
788 53 41 597
127 128 23 184
22 1274 811 1047
2093 369 48 1211
9 766 690 23
92 105 638 64
1911 41 1815 919
639 1230 486 883
1256 22 3077 27
126 92 1474 420
1492 679 23 1264
800 831 347 64
3324 127 122 1625
489 1461 654 1678
1149 547 200 186
64 1156 127 2060
1228 754 611 127
906 1408 124 104
768 1557 243 810
1001 2647 2094 2863
82 2263 343 519
64 1155 519 349
273 474 335 22
177 60 156 1098
127 21 2624 124
420 1552 92 1113
23 131 1156 1184
171 1256 1149 505
27 1327 168 115
326 1082 2008 840
1655 1886 885 127
1549 1448 1915 2011
2136 82 1127 1334
64 195 2294 92
246 1146 2257 206
797 180 26 774
669 1352 124 4
5 164 3146 1371
564 48 60 27
1966 59 92 368
2154 27 2888 1218
171 128 127 511
242 60 280 48
41 584 128 383
434 651 5 188
1301 64 1005 124
1387 1899 44 26
1577 153 15 1450
1590 151 48 993
831 949 167 132
571 64 2130 354
26 824 483 44
773 113 524 152
799 195 327 1982
199 48 1735 1532
27 489 1726 1157
48 380 5 324
87 1301 564 533
1366 64 246 2465
153 2671 1169 214
74 713 0 1900
0 305 316 62
2962 264 766 926
64 171 935 60
26 1730 15 22
939 0 322 1427
451 174 64 1380
1448 44 376 64
88 134 1935 3015
951 38 168 1347
2133 656 243 335
64 86 103 160
2785 22 3253 0
23 2714 1641 2535
1856 27 1103 2670
563 48 1095 676
124 2550 1210 1156
2719 1302 2216 1838
1436 1274 1244 700
2621 541 2102 1399
615 1118 392 556
22 669 31 468
1670 1027 1076 624
64 682 1385 1332
1956 641 1081 3493
420 501 737 48
2292 883 27 1038
1401 413 26 3130
1542 2321 1582 106
0 2013 64 1466
1365 44 1303 202
82 2584 3328 1198
26 72 113 2234
392 92 1087 167
2879 434 2051 2329
527 2122 489 1203
46 41 1368 805
92 1629 3095 516
3071 890 268 1049
501 34 64 876
1998 1461 124 2130
1492 23 1624 41
772 799 1856 676
2639 1405 60 1850
766 259 1907 23
3072 82 93 2955
1049 434 48 1600
3345 40 202 171
48 941 1370 471
64 1056 544 171
324 766 358 2173
792 64 464 8
44 153 1482 22
113 916 251 280
1023 474 2850 104
1585 217 434 950
1363 41 113 401
1825 1334 1726 92
1513 756 511 2055
389 64 2855 4
60 128 200 181
2135 420 2639 153
1061 1382 2342 64
87 1477 23 2563
124 24 791 772
22 146 167 1861
1707 762 0 861
669 2670 737 1594
492 321 39 696
124 454 44 171
92 2234 26 1341
246 30 1572 1286
775 127 1250 905
160 64 41 1231
605 246 534 1274
531 1101 1887 132
1969 520 587 2552
1158 1018 1284 22
585 420 124 43
729 1139 82 3452
124 15 788 3041
1073 434 1584 207
171 2679 128 1054
60 1378 1604 1107
464 2198 184 0
1300 1806 46 3390
1638 669 151 446
1142 844 586 462
741 64 1393 936
542 478 527 765
44 766 1341 199
2291 113 471 472
1423 319 127 538
1690 64 879 244
5 1400 158 565
44 726 113 124
489 702 669 1761
2878 48 23 2244
1420 2391 406 128
153 137 1090 489
124 64 41 756
60 335 558 1306
48 420 27 1080
923 168 1135 41
23 1165 48 168
941 489 195 130
420 93 298 0
1106 44 148 729
41 27 64 5
58 5 669 280
561 1626 361 27
22 434 3011 1062
1017 48 1631 92
64 897 48 336
1612 171 766 1365
2316 44 1042 2542
2816 1443 1111 1385
437 2895 44 64
486 1172 1935 1371
799 432 487 244
64 2030 2302 1326
486 2945 931 1193
434 1098 586 2321
321 23 48 128
3074 3261 2434 1629
0 23 2872 641
470 113 1210 2634
37 1421 1169 40
113 41 788 1231
882 41 1175 127
128 64 394 1058
83 171 3039 57
2416 27 1902 1368
669 273 15 1766
1584 770 246 766
505 416 92 1251
1081 44 64 2353
113 124 23 219
23 1384 1320 22
883 2551 92 1528
321 349 831 2109
60 0 1109 426
660 153 1795 401
64 1681 1546 3025
48 1419 595 1528
60 392 903 349
1856 200 759 92
155 704 92 762
799 164 64 766
129 127 124 1687
113 171 134 700
1159 248 1817 280
22 1158 48 1118
1797 246 771 145
1751 2960 1149 0
392 753 1696 103
434 669 547 1234
179 571 1488 1221
1599 615 1637 0
1150 82 420 1440
64 69 156 128
1101 922 92 418
48 2510 819 216
489 889 420 660
716 127 522 153
799 210 576 1680
113 788 1811 766
1165 1011 23 44
1711 175 1336 363
799 155 57 669
39 92 487 246
699 557 434 27
377 1995 26 868
44 92 586 203
1185 55 92 104
244 588 1444 799
317 134 1165 48
799 1957 41 2036
200 125 1158 153
0 97 118 171
392 1039 725 799
1098 566 1236 944
581 2082 1949 1204
127 1465 246 516
44 2231 1151 1899
1096 64 1056 23
1079 64 255 305
1417 348 1887 124
132 153 438 363
1596 2483 113 44
874 3060 1256 690
869 64 1081 420
1234 842 417 246
113 64 2491 48
24 82 681 240
392 621 1401 44
2725 48 367 351
3409 3399 54 866
173 113 766 1218
209 168 268 515
434 1471 82 23
1836 168 537 2510
26 211 529 23
311 1652 1464 392
2477 1745 1156 321
723 78 1797 207
703 434 124 64
593 44 354 1242
693 611 2238 22
43 646 64 490
2444 1185 0 280
629 64 41 524
208 1130 1378 246
22 5 2085 991
5 2141 2119 1531
1431 808 2385 272
3548 754 92 64
284 2372 27 1434
64 1712 2391 1177
2462 1234 2512 536
1675 0 9 213
321 1318 124 167
412 321 1236 1041
124 153 1331 688
240 2337 153 887
243 109 1003 1961
1230 1673 41 321
258 1302 22 84
2968 2212 741 799
1866 3027 1359 48
786 2057 144 931
669 414 420 326
2535 729 445 766
420 1558 123 64
1797 639 446 1030
82 1715 376 2501
2127 26 1058 1150
184 1051 397 124
246 1856 273 128
447 246 1134 1237
44 397 528 519
330 124 835 27
794 349 1768 125
829 127 41 2874
1360 792 51 2213
27 155 217 113
82 67 22 420
892 790 64 486
699 634 768 84
1313 5 1765 1360
2320 416 1669 92
799 916 369 2291
1018 127 64 166
92 27 2183 64
2103 2714 153 739
80 27 160 155
2097 2891 699 1142
259 5 1926 92
2361 1847 508 420
1738 608 127 171
64 435 23 153
60 908 1346 92
27 2093 667 171
26 915 392 687
1089 3077 669 641
561 2088 58 1931
1275 1831 60 390
2288 657 832 64
824 208 26 288
3204 350 1841 541
1485 64 1086 113
5 2488 383 3198
1400 571 5 2080
500 113 23 1062
1856 434 1079 1509
113 1312 486 731
2899 321 2314 1138
2150 269 171 39
2236 1230 1998 113
999 2558 2780 1208
1231 986 138 47
27 419 1450 41
799 1853 573 26
701 618 5 559
646 596 512 909
48 1439 824 150
420 1275 556 22
434 64 471 5
1617 420 1420 537
484 23 1066 144
5 2346 2017 486
1345 160 124 191
1808 1710 5 420
64 160 1004 534
1218 1797 768 475
2186 459 26 1428
1449 1761 41 205
64 202 715 128
392 1998 629 745
171 44 64 2765
82 1621 1998 629
181 156 60 905
3342 3556 3470 168
44 64 1135 116
60 171 2770 4
246 1595 753 113
2301 727 180 962
800 321 675 529
316 420 389 1211
58 48 226 1970
64 610 127 1856
39 1139 146 2839
186 113 27 22
538 669 438 92
5 210 124 123
1216 319 2873 1712
766 847 209 382
64 766 127 1022
3122 113 420 64
48 669 731 22
133 128 766 2575
651 92 669 171
702 1196 60 1485
116 177 64 1563
124 604 1455 580
1749 1966 1870 1426
27 60 64 287
128 669 1232 1120
399 0 2011 168
434 204 242 151
168 242 3210 3559
48 44 29 210
3022 5 352 433
5 1401 520 24
893 64 586 2409
2259 2033 1832 907
198 3020 1240 5
2854 1349 766 1417
1641 265 5 2379
2441 171 775 225
619 1088 392 35
27 685 814 486
2727 93 195 1421
92 168 788 64
1253 792 899 146
741 180 424 1157
2640 41 999 1176
2137 1211 60 180
60 574 866 171
128 0 1270 116
1210 409 168 567
24 1730 246 0
22 635 127 919
470 2683 3484 1082
92 167 23 67
420 1730 202 1376
1691 1200 128 1665
1038 124 45 657
1101 766 1690 189
26 1225 48 1344
760 246 728 1687
2168 1976 64 26
205 64 2294 886
1138 786 277 198
1069 200 0 717
438 1209 132 168
255 246 1328 994
324 590 48 1685
184 2959 127 214
583 64 960 780
22 92 420 1703
2677 48 1380 1218
1276 1796 445 60
672 434 22 811
982 2082 44 1206
1158 2986 2307 309
171 22 150 1749
486 1634 0 76
206 361 23 766
2869 1091 162 537
78 1836 766 411
44 25 533 1324
484 434 193 110
898 128 1988 916
1978 2142 1326 217
1974 92 2066 176
1278 2483 392 89
1518 434 7 1114
105 1115 26 60
2011 810 580 1843
128 30 669 26
776 0 1526 168
171 932 2420 630
1459 127 1234 9
1181 486 60 1393
128 1050 64 788
512 127 1864 1811
667 593 419 168
1450 101 60 142
168 27 1195 895
255 1349 669 592
1398 41 44 346
202 832 481 1590
379 1235 1069 111
760 26 92 634
1041 142 1885 2004
64 128 890 1310
127 374 246 22
489 1084 1296 766
64 2200 806 40
2083 1532 486 26
1843 1055 396 669
444 48 206 5
799 41 1723 125
160 647 1204 787
3130 2643 2432 2570
60 274 22 416
1088 1344 168 0
486 26 1543 1149
349 44 1103 26
5 1859 616 23
124 243 432 3220
489 1035 327 1393
766 1126 125 127
1217 434 226 274
1371 128 2817 48
82 2032 176 815
1577 183 168 765
874 179 390 26
671 793 48 3093
537 2960 1115 916
204 64 2205 127
0 92 106 1789
771 27 128 775
799 2604 1393 1537
703 1771 23 1190
253 653 703 2006
246 732 1535 2577
128 755 1711 5
64 669 2794 420
1590 153 1377 1772
1245 1048 22 1072
64 686 92 238
1407 128 1899 794
760 48 151 874
1680 320 321 406
2198 1161 127 852
888 5 2158 3570
64 82 1312 274
622 126 1332 489
155 231 1517 186
92 89 82 392
2779 0 172 597
2489 64 2459 2625
196 82 3164 374
38 676 44 438
44 1181 909 4
420 1608 64 893
22 700 290 127
416 420 1003 273
22 906 2102 2556
799 654 737 92
0 64 48 44
171 834 763 425
1461 1610 1127 1728
2409 1899 1939 44
0 270 2448 321
113 171 3329 274
2884 226 729 434
5 578 1601 471
64 123 2283 579
1475 420 0 1310
984 1869 1571 42
2347 1878 102 153
489 486 22 264
843 171 2921 3095
26 128 123 590
1115 212 691 64
2055 1978 48 521
23 40 0 2513
420 39 48 2542
175 409 235 420
23 491 985 489
316 486 92 2491
1352 64 335 60
350 1902 44 735
2105 27 1755 1309
128 475 1359 447
696 1704 53 766
153 444 2093 261
124 153 767 579
2474 1050 2660 113
1517 54 74 62
437 153 1209 277
1099 1605 143 766
124 224 1261 107
925 733 2183 662
0 713 171 113
319 64 808 2183
145 434 23 243
491 994 685 930
949 167 9 661
578 246 53 420
1740 0 1150 836
473 761 1647 420
1425 23 2466 420
50 64 86 171
2153 753 166 38
753 1830 517 1425
1162 2237 676 521
148 2080 53 44
46 669 1651 290
44 574 783 153
396 371 2616 1354
489 2541 2874 246
1573 60 294 23
2011 1458 168 1004
64 22 790 272
64 840 274 1045
799 2869 127 1853
2823 2036 351 1017
542 155 127 656
113 164 64 1786
744 2418 79 5
273 27 517 2827
415 2493 219 392
2540 124 48 420
45 60 140 390
1400 669 2021 1176
1785 128 124 75
3478 1599 689 168
437 435 669 1899
0 60 2657 4
1165 1091 745 352
2489 183 34 2072
41 692 2633 542
93 491 470 2122
1830 1348 64 62
787 965 1223 1384
2361 697 644 48
27 44 1219 524
1656 41 5 1014
44 64 205 729
316 171 329 521
513 800 772 766
1351 1955 64 48
486 1568 3076 669
197 189 524 604
1407 44 124 1459
873 26 27 2525
113 845 656 1706
799 128 717 1264
444 583 799 865
0 148 64 187
41 669 434 547
82 41 949 925
2117 1564 113 344
92 641 603 7
171 882 0 489
2366 152 434 1003
2420 439 64 281
692 669 216 1912
1307 1287 444 900
168 766 828 246
102 427 823 1638
3454 22 1194 322
17 761 1492 2733
1737 26 1409 2613
1421 153 82 990
304 2091 627 303
0 348 1527 128
1851 1405 171 3579
153 2836 1133 377
22 1579 3124 420
1178 799 975 907
1382 799 3150 1735
390 127 541 113
1313 1120 713 472
577 622 512 128
1670 734 2011 2078
1516 1537 0 1156
171 1929 326 575
2212 127 124 698
124 420 108 1153
1962 386 1099 1385
41 895 64 146
127 60 205 1213
168 717 0 865
961 153 895 2379
64 0 903 127
1253 669 2037 105
64 865 2524 2069
64 1058 48 1108
721 7 525 3260
312 65 577 64
319 208 1165 128
163 1271 3141 1059
168 730 335 22
459 392 826 799
474 591 1398 0
127 930 167 1418
689 1216 1717 1575
113 861 832 1378
168 41 1783 897
5 13 127 1274
2066 92 1000 1447
5 133 274 246
434 1689 1205 26
64 392 1471 92
273 327 128 219
2641 1894 130 127
609 64 139 864
470 1907 22 591
1797 290 246 1301
27 586 876 759
64 542 2183 2310
690 2429 60 1290
1109 1009 420 2267
420 1054 1124 113
579 669 1368 1278
1761 1176 2442 733
1151 1213 44 1715
2369 92 1702 315
246 382 220 551
1658 687 482 64
95 1069 799 2077
1619 48 61 1659
145 426 127 27
487 420 884 99
893 171 19 243
2380 405 1158 831
117 65 1051 0
763 2727 1211 1108
392 1086 216 10
2237 401 2202 1181
0 465 113 1668
2448 1135 529 1575
199 769 104 2475
1940 124 486 448
1679 650 85 27
131 2231 312 1225
564 515 92 1415
23 2368 1355 59
438 886 2435 182
2082 489 392 151
527 1304 1731 757
113 128 799 1405
486 1389 1517 2321
246 22 496 1448
27 41 44 799
143 245 1405 1319
1887 2827 765 64
354 280 1989 104
48 2035 128 1730
1482 1523 41 1258
669 382 41 22
124 1851 171 1794
756 1041 153 1428
1704 44 562 26
23 191 420 517
23 25 1295 831
82 434 1582 5
766 20 158 1222
17 26 186 127
566 766 153 1915
1244 2051 517 2056
5 766 124 461
38 64 525 1748
352 1244 125 2779
559 64 1249 1601
255 246 168 155
1046 274 1150 64
40 2958 0 104
575 1145 2078 22
222 860 113 1836
400 26 1029 47
5 1378 137 860
921 2426 134 5
3215 445 489 1664
385 44 1352 246
772 690 903 1408
1696 128 23 93
647 7 226 41
64 583 246 1144
273 27 392 26
1236 128 856 435
1113 1700 132 26
171 1094 3 759
171 594 1429 1401
31 1842 622 5
1253 128 199 799
2625 124 2099 41
77 381 168 22
594 1280 26 290
433 41 59 321
60 104 524 509
1302 150 127 292
1278 669 26 2187
176 23 2199 704
1384 381 0 2418
450 1398 1004 1512
48 186 1598 128
7 569 879 39
44 171 150 857
1276 2551 2328 3132
1693 1345 2203 41
110 2147 113 1104
82 41 718 2739
516 1724 246 541
127 317 17 822
714 1531 851 669
92 2301 128 139
316 765 2043 1181
2416 1871 113 1423
253 504 138 381
41 585 1264 321
64 636 831 517
2451 1461 64 8
128 598 22 1252
1856 2996 3590 80
702 419 762 1808
1151 754 2013 27
2197 352 1116 335
44 134 1932 164
2209 22 113 559
48 635 128 187
113 440 64 96
168 349 557 19
521 171 1018 404
1087 64 2357 812
1400 92 1509 1331
89 171 23 1439
60 1576 2255 64
44 64 3592 2361
23 27 103 1580
352 627 1439 2389
635 1814 107 1657
92 0 733 686
290 1092 1003 73
1708 27 86 2124
567 677 1003 2155
41 573 60 1954
1029 1894 440 609
64 491 390 799
1036 828 167 788
745 659 5 1767
82 1253 0 64
1290 292 23 2235
403 64 48 592
741 82 701 405
23 282 5 372
687 671 412 10
783 909 965 127
849 0 738 3214
128 1678 64 761
2756 3075 127 94
409 246 2424 176
774 1112 256 843
463 1118 16 1275
92 180 481 524
123 23 88 321
113 1797 476 1537
420 1154 766 900
839 132 26 866
1823 486 643 1061
48 1158 184 1540
2003 246 799 1874
279 709 1832 1313
0 799 168 1561
799 564 1058 743
1333 713 2734 1657
420 82 619 1775
873 498 382 199
611 1018 246 1153
564 1326 103 945
2949 1416 513 1208
113 41 124 1723
113 184 592 168
893 64 1426 1316
1617 374 26 1382
669 246 64 92
41 64 1585 1308
1242 783 814 1218
124 1839 60 1580
64 776 118 22
124 119 1326 64
113 2080 124 604
171 41 189 511
1887 799 2751 62
2540 1121 0 1111
218 60 127 1218
741 1524 1324 716
1048 1585 246 91
1508 2553 627 965
745 414 207 177
42 766 1437 1250
15 304 41 671
925 434 881 1321
1227 127 64 737
966 281 96 456
128 64 135 553
2225 171 23 1124
153 1091 669 741
194 739 321 441
64 439 740 132
215 883 1064 1020
1313 738 168 587
1381 1700 730 2250
0 92 395 124
168 151 754 90
498 104 113 1617
41 1351 1418 44
1685 350 638 125
553 128 92 184
2846 48 517 1496
577 547 44 551
716 481 321 171
714 168 44 1014
89 649 127 246
2105 420 11 238
99 22 27 2881
125 911 126 246
5 231 128 7
465 2269 338 44
30 732 26 27
2354 799 849 1406
308 1143 2150 23
424 88 95 731
1216 171 124 127
3077 48 1539 1232
64 111 799 128
96 1899 619 732
41 131 26 27
22 605 420 2975
1025 732 537 1642
386 27 994 1533
26 420 409 96
26 1904 1234 433
607 420 0 2421
3490 653 1014 92
1239 420 1004 776
2847 30 124 2643
0 575 15 22
0 3043 113 2869
113 64 168 392
1503 392 1884 746
1324 1084 40 544
1896 645 1852 41
1007 2144 803 82
64 814 92 48
263 185 280 41
58 127 206 98
278 1407 74 202
389 1334 44 3596
41 1761 1084 1494
434 669 579 92
41 273 766 1543
392 371 755 45
1256 3337 113 167
146 311 903 321
127 1530 810 1967
871 1041 82 865
1039 213 146 60
420 26 64 60
1196 140 1185 62
92 2264 48 1019
92 23 1064 60
138 481 594 1674
376 434 146 420
171 361 113 746
1001 246 814 64
168 2002 668 1995
1391 420 766 64
2547 127 1844 2434
921 168 690 242
1876 324 23 1228
1721 57 171 13
5 1412 328 1491
1602 111 126 1767
741 2132 535 1658
26 562 1845 168
1835 1209 669 734
124 216 325 687
82 1761 2040 26
1591 44 214 669
3197 166 64 352
128 669 1475 1002
955 446 1204 1672
23 137 2201 3233
64 1421 748 321
276 0 1535 23
97 264 113 327
44 762 27 164
908 2708 950 41
208 835 397 883
1150 291 64 1192
204 127 499 1329
82 1119 64 462
1366 420 12 1704
113 1059 909 1313
723 44 2343 1352
382 2643 64 1321
0 113 60 47
82 171 122 48
1425 99 30 128
2136 1872 64 1298
387 0 19 489
1085 1721 3600 1608
2911 1753 26 1431
1963 64 1070 41
23 189 127 815
392 679 246 588
2662 0 434 1081
64 1738 614 1685
2259 48 1065 92
3579 48 38 2280
127 1396 419 48
27 78 1870 2555
60 408 82 3040
1875 396 420 542
51 342 593 880
1528 0 1475 41
23 668 113 386
534 669 2041 23
1601 321 23 1215
124 322 0 110
60 729 711 1415
23 26 800 187
213 23 434 27
171 41 1044 624
147 64 748 642
0 160 7 198
60 2687 1498 420
22 579 60 3601
27 1521 1096 2030
22 895 153 44
41 669 159 113
64 147 383 27
2617 982 743 1158
48 1103 26 171
489 1600 22 68
2072 64 1091 695
296 44 3040 27
669 244 1978 986
671 1448 1866 2114
0 374 669 2093
149 444 128 730
2992 153 337 3132
484 1851 2738 2771
0 669 1393 1721
60 1140 3363 3120
168 184 171 335
799 1721 128 1003
246 1131 115 27
420 1355 136 1641
642 2167 44 22
1658 171 1271 198
82 41 420 1383
3402 26 2353 1308
311 1333 529 857
2036 64 2136 799
757 3040 799 1674
52 739 3429 637
682 790 27 5
41 593 64 263
15 162 22 2055
321 745 128 326
911 381 179 315
612 178 326 150
22 1038 198 124
1233 2033 2880 2145
489 2885 854 374
1642 127 491 64
531 107 1665 105
883 319 1076 905
810 124 578 2829
44 1745 32 1689
718 1228 133 669
157 1808 1074 7
735 566 171 609
141 82 171 1832
799 153 171 524
22 933 177 85
420 1179 400 171
64 0 799 168
638 171 420 2866
1516 1693 386 44
41 23 8 661
1922 434 1600 562
1575 38 209 113
168 2098 48 74
462 125 2317 1248
401 280 657 1260
1297 89 51 849
1431 92 23 42
0 104 218 1389
1262 23 1454 434
0 704 152 1365
41 2193 124 711
153 391 105 411
1688 420 1939 1819
48 904 92 1844
2049 1946 1465 26
22 128 1431 64
1084 1181 2884 246
847 3410 486 2657
1007 0 319 624
638 1708 27 22
128 2670 171 862
3278 1367 516 2899
483 0 1836 113
42 766 559 489
1674 766 2064 1563
64 176 60 940
428 156 64 210
509 736 26 23
124 1301 2036 316
2042 0 113 1922
1267 124 80 113
1217 5 2136 1142
41 356 2 2144
44 48 64 171
283 642 619 715
350 168 876 506
27 335 5 238
3490 2353 92 157
89 22 64 1406
1227 1023 321 1471
122 1296 486 639
1431 1138 3602 1864
799 432 1777 86
0 1298 693 1300
92 22 1700 1194
2540 2744 994 1568
50 22 1118 32
64 3031 714 113
580 60 86 128
1574 5 586 51
151 64 132 926
273 27 434 988
929 64 213 300
492 23 113 1852
728 731 168 669
2828 678 1398 693
1116 128 825 127
45 26 840 1310
1966 48 1459 383
2739 168 522 110
128 41 104 1482
1795 41 2127 124
1590 1857 127 335
124 86 128 167
513 1179 2350 404
41 2145 44 43
420 775 153 0
1209 321 48 331
124 3167 25 2270
1454 1354 113 1516
486 321 418 1648
128 1604 1038 486
1109 31 22 1010
730 60 116 1073
1019 110 6 799
678 2567 0 1814
2055 789 2202 186
171 950 64 0
124 82 113 142
1795 1218 799 8
23 521 603 48
2889 420 749 168
1045 27 766 48
1057 400 1539 766
1782 124 97 829
1710 2371 22 849
489 130 48 771
64 124 428 744
44 200 186 777
171 61 246 486
486 2535 321 1118
355 418 669 2235
60 41 1810 774
666 1131 438 23
78 898 722 1326
23 2847 69 1054
1384 609 1443 1967
420 127 1134 2376
1847 0 171 1768
2966 82 59 23
193 1639 13 799
82 1578 1097 23
81 2612 1245 44
2321 3068 168 739
53 1393 1112 682
27 41 48 321
3040 78 64 1545
2882 614 221 1415
392 15 587 702
1219 44 273 711
1671 2758 1567 3262
2355 126 64 1417
64 246 1339 905
60 4 1628 92
41 22 48 803
776 168 1283 799
0 26 109 22
191 156 60 128
171 688 92 27
0 687 434 603
686 260 171 326
3022 1518 839 2761
742 619 200 23
64 766 1438 96
147 171 41 141
139 127 1137 174
1414 44 423 372
60 765 1264 776
124 434 2860 82
41 75 555 392
556 62 0 168
138 486 1044 2413
148 96 1407 447
799 0 113 1465
939 74 41 2130
27 639 0 1163
1599 153 600 82
0 3188 128 210
2002 127 22 1516
2250 41 1366 51
2939 641 44 767
392 411 643 64
1912 1477 704 113
766 64 1842 871
1093 1054 311 396
51 1333 489 2433
1194 64 1475 1551
581 246 709 434
47 311 371 23
92 168 887 931
376 1298 22 153
64 600 3605 572
1313 211 1346 832
547 215 44 26
113 205 296 139
1070 903 23 175
64 2366 659 1154
23 1492 22 2121
504 246 855 171
2652 155 127 64
163 85 127 876
1259 2431 128 1862
168 0 1499 41
113 871 64 896
128 1808 659 2335
2317 465 939 183
92 592 1046 662
127 3177 171 2895
635 159 168 662
829 1058 273 26
2072 0 2220 168
2409 23 799 904
22 64 766 553
559 92 113 171
328 127 489 1096
171 64 3112 766
0 1217 44 64
468 27 727 664
1768 772 3208 26
1118 420 177 23
1575 1089 766 142
0 67 195 1466
1458 400 5 2830
48 795 1433 896
2013 321 609 274
419 92 41 685
26 407 534 283
312 44 213 2416
23 538 91 198
143 1462 164 510
19 567 22 44
1232 917 372 2391
1408 1221 26 64
1963 547 328 74
273 127 64 669
716 168 1085 699
669 64 743 690
1058 238 78 92
1467 1641 669 1730
1716 60 799 194
1089 1478 765 171
765 1097 886 1592
48 397 1432 60
1757 2525 1500 26
1181 416 793 48
755 486 128 22
677 909 0 222
5 865 420 845
1360 0 2741 3160
0 283 453 755
128 483 27 2350
2536 72 1844 1843
897 128 1978 1398
737 128 392 1312
1496 0 413 799
23 1848 2730 44
278 1958 92 97
759 186 0 33
0 418 5 661
97 41 117 195
117 5 420 135
92 594 714 546
64 1827 1045 1056
1383 321 1755 1535
3145 0 1681 14
2915 419 64 1775
0 975 1007 113
1585 22 1930 44
183 246 26 64
887 171 1347 3198
137 73 1039 743
1225 92 84 153
216 1272 1137 718
44 586 642 60
1216 762 64 12
2067 560 60 1264
1025 179 22 1046
221 116 5 319
5 1118 625 321
669 2276 5 1222
1440 22 153 864
26 893 64 1722
1770 1210 153 87
423 1217 127 64
1559 748 1675 92
746 153 598 1228
26 89 518 925
64 669 741 0
392 113 945 176
1456 64 1275 26
168 419 676 246
501 41 428 799
127 215 2042 1009
128 1651 0 1180
1042 1992 2542 199
113 1418 321 661
60 715 716 1348
27 202 594 799
932 395 1685 167
26 910 128 1601
26 1264 167 371
669 22 153 392
812 1582 92 2613
434 565 168 148
44 1301 127 3
48 168 1593 2237
23 2354 1586 1468
23 662 187 650
168 275 321 2000
824 90 150 729
801 1390 1604 799
851 0 1868 486
438 48 640 1037
120 945 22 48
448 2046 22 0
246 147 1105 831
447 1835 113 323
127 2231 612 2758
41 23 92 229
799 763 1612 26
44 1188 669 412
60 2319 765 27
48 500 1180 284
619 23 40 127
236 60 23 26
682 9 232 0
695 489 101 3529
1130 486 1608 167
555 127 1877 2047
105 64 41 57
2418 1716 27 64
1113 1832 26 639
64 189 2402 486
263 2158 392 128
2131 0 171 669
168 671 315 1851
22 608 669 756
26 931 914 1115
489 2067 64 199
1322 60 11 124
1731 874 1500 23
164 2201 3174 124
772 729 48 2888
331 463 434 127
2682 23 48 473
92 394 48 2431
908 311 27 64
597 64 660 676
23 434 2011 424
1583 870 744 5
0 41 742 420
1314 60 1674 321
1635 1109 2305 2044
401 2136 388 2550
1761 60 1674 27
392 1365 1575 69
127 588 1535 92
91 1131 1730 128
113 22 27 51
675 311 352 799
64 321 623 2303
1058 1151 1818 26
766 871 22 1271
547 612 128 45
489 434 669 64
41 420 332 765
194 1365 1344 64
23 887 27 420
799 611 1218 168
48 137 92 113
873 525 128 434
871 19 128 1352
1185 44 1856 513
420 123 64 994
751 258 434 92
5 419 124 25
1097 799 166 0
3040 669 206 773
1373 41 2150 16
92 954 2569 1126
1534 1141 112 1336
128 1674 643 420
647 1736 1190 1213
342 2368 919 609
445 1309 64 1085
92 651 2206 317
1703 113 1225 168
1499 687 1477 1174
5 257 64 621
716 124 849 907
0 26 409 1185
124 179 669 1094
168 420 392 695
0 968 489 203
64 5 984 799
420 858 64 1472
44 3427 26 561
206 2004 836 491
1051 2590 639 392
264 259 97 717
856 128 168 581
766 321 940 799
630 644 92 551
0 887 486 26
27 1086 825 799
858 0 651 420
890 113 738 39
5 127 44 27
64 2026 1036 1911
489 1930 157 222
420 27 648 48
60 171 756 693
44 1065 67 26
26 1649 136 27
246 2074 171 1234
124 176 377 1063
666 2137 246 740
23 3247 1380 246
1765 2620 733 256
730 22 171 143
1601 164 426 1675
0 2072 1066 434
674 137 799 955
171 116 26 148
646 776 26 777
896 2337 41 799
1195 22 625 975
486 629 1266 22
743 392 486 64
1394 799 124 1352
2821 1164 420 342
1689 48 308 1
1638 171 489 41
1345 128 41 26
171 153 1449 2960
256 1285 5 324
44 486 1832 64
8 27 2954 2555
153 64 1601 434
93 246 865 1371
23 604 517 195
168 128 799 401
434 446 518 656
82 1440 1058 26
41 246 0 5
23 1000 277 1210
13 152 799 2243
2204 335 1314 1932
1278 127 116 2823
1930 2731 1698 1232
434 264 799 1687
127 606 113 1180
3098 23 246 22
883 41 123 1195
758 246 60 82
760 910 64 633
67 22 2891 420
86 246 60 434
1210 799 1344 6
153 187 437 124
1274 1256 2041 44
82 2719 482 57
168 153 1425 246
719 5 176 1054
348 669 912 113
73 64 195 176
124 2488 160 64
603 726 1417 182
127 131 1088 277
3401 2279 669 246
1337 572 1668 2011
171 3107 64 199
204 2678 537 665
113 1902 124 26
48 148 1557 5
466 22 486 417
631 113 366 1431
194 113 865 59
766 922 110 738
1210 201 5 1710
171 1072 955 766
128 606 64 445
276 1657 1258 41
603 113 48 1836
48 1216 392 0
44 291 1287 246
186 5 23 56
766 1075 1650 590
374 1219 124 184
601 371 127 0
41 1306 850 486
714 124 465 256
1884 128 1514 322
5 1144 1227 1839
15 905 887 113
1359 246 292 171
114 175 22 1189
1906 489 113 148
896 22 954 1696
26 181 1139 632
1930 618 1957 524
486 984 711 168
64 644 39 1659
1663 231 1069 2676
175 1944 509 799
128 390 2402 512
873 128 65 24
321 486 1181 41
1824 2141 64 2623
64 999 551 124
486 62 1418 2501
92 1757 1046 2537
22 371 669 168
1304 766 1111 48
5 713 1594 1219
22 1023 153 376
171 1570 353 1165
874 92 64 843
113 1248 946 0
1532 124 1714 1359
396 27 849 171
22 64 535 1916
1137 964 180 128
22 113 831 41
934 141 2466 489
44 1568 478 498
1400 390 5 222
60 1190 5 1599
917 2124 5 808
129 1524 113 1112
861 54 99 2041
5 168 1190 1225
290 450 78 22
127 41 79 44
186 171 1577 0
153 1095 1075 1685
390 525 44 48
171 123 127 530
966 113 128 41
776 48 19 1139
17 2738 793 1190
27 561 875 287
526 81 26 114
434 337 99 3260
113 956 405 128
27 434 2141 400
84 799 1061 64
1101 781 780 64
48 1274 1213 420
1710 799 3558 932
2239 75 1860 420
1416 480 1816 209
590 878 1345 128
22 766 531 571
1459 742 1930 237
509 27 383 0
703 1384 100 5
409 862 106 707
105 1322 60 13
290 379 113 1212
669 558 689 26
1598 124 82 22
1529 0 211 565
470 564 64 193
1158 124 1216 2136
246 64 60 171
489 389 734 888
64 1360 116 153
844 880 48 85
941 414 873 669
160 283 146 1051
1049 26 434 383
935 479 1691 339
27 459 420 426
96 537 1810 486
127 793 64 622
326 336 790 187
1615 2232 184 60
1419 210 627 2333
731 1270 60 27
113 1503 41 659
64 1319 420 26
44 1210 153 680
2342 710 44 2913
200 1357 160 5
23 246 52 266
1376 2762 2765 287
606 0 143 64
113 756 246 2222
1674 94 2434 871
721 1812 22 171
1731 48 143 862
5 771 171 660
124 45 529 1218
377 101 64 1283
420 489 735 1603
515 1270 48 814
74 322 666 64
339 124 128 1073
420 259 1899 516
434 1852 124 1037
1126 60 632 1181
3126 401 1000 64
675 1553 787 1672
130 1755 153 894
444 153 968 486
741 518 2327 420
39 1346 2057 894
168 669 2000 766
614 22 153 41
744 799 23 1001
1850 107 611 218
183 330 26 1087
449 1714 910 0
5 721 128 1755
23 92 890 424
48 851 650 41
1250 1209 557 573
104 1038 175 679
0 2122 394 113
44 27 514 766
766 128 246 171
669 376 1098 44
766 1919 1195 1198
2251 2549 2541 2280
690 48 113 3162
124 97 217 748
489 214 3394 383
699 2018 23 1850
50 2391 283 26
0 714 420 338
0 2525 111 392
2368 321 645 2144
392 71 3588 2762
3565 3582 911 504
1243 1390 2620 173
681 64 1357 1417
567 113 27 92
127 128 350 92
167 48 1407 1603
772 1066 194 1093
1029 171 0 1241
397 1067 124 78
244 733 1422 0
242 22 632 465
246 1582 5 168
0 1069 407 64
79 850 319 26
168 1190 1137 616
424 44 2384 1185
22 639 171 605
153 79 1099 1736
434 1331 60 350
1072 0 1524 132
1035 856 113 1330
45 92 60 106
2593 1629 0 2911
44 2102 0 489
1038 5 27 1355
584 769 2435 41
64 579 556 3283
1852 719 128 194
277 479 376 5
44 1364 22 60
5 528 127 2333
1404 1204 44 48
2552 3177 418 1384
86 321 881 420
1137 64 215 92
669 1515 735 1139
26 461 690 896
64 1274 1568 26
2769 754 60 595
3582 92 22 2546
1194 923 48 939
153 221 280 2438
290 113 23 83
420 698 82 157
64 43 148 113
669 27 168 645
872 434 3078 26
1351 669 34 1953
2783 64 132 58
22 764 3318 45
1911 1018 1088 1181
0 1546 41 868
124 1875 2147 336
2036 44 808 48
2076 300 1781 1028
753 113 819 733
392 434 0 92
1720 1326 0 166
1363 277 711 396
448 2541 560 1017
420 1163 1955 669
1908 31 43 420
64 128 2144 2501
508 1221 26 186
64 504 92 537
657 434 92 537
23 1563 1755 1576
188 2014 1365 1271
213 414 277 203
1834 1343 489 36
934 72 2170 5
283 168 92 26
200 524 569 612
128 153 1115 647
171 392 353 1136
420 1575 113 149
668 926 124 0
1450 382 766 26
687 48 290 64
23 22 2267 737
676 385 1341 184
1085 60 48 64
3310 246 1021 411
273 542 946 1343
22 2849 128 745
127 126 556 669
694 738 41 128
1428 48 1440 255
1280 994 2144 22
127 171 845 1796
141 124 1022 1241
861 1637 3416 135
238 1497 280 48
1381 26 171 2165
68 1070 669 1602
64 128 540 1687
0 737 147 171
2860 0 974 60
541 60 27 794
60 1321 315 113
2372 731 113 116
26 1340 19 3035
26 84 1524 835
798 111 12 392
486 249 857 246
82 1156 0 1670
401 44 1315 1266
1324 603 5 124
1113 2660 502 41
27 41 122 280
790 1864 2604 321
246 22 420 2387
112 124 555 2042
2804 1669 113 790
2671 186 171 586
1370 159 52 1300
2036 741 2836 2227
2250 23 666 56
1145 655 27 1082
1082 382 0 2517
1839 40 3196 732
495 593 1374 22
799 51 64 1497
2827 26 1005 558
48 335 167 26
251 2094 799 277
600 64 2387 2368
420 273 433 2238
2635 41 2511 45
989 68 146 127
501 22 1703 1102
1409 64 2352 501
2799 486 1689 1600
1210 640 64 324
2599 2041 2071 113
196 210 1038 128
1205 2621 44 1329
861 1303 1137 1954
434 124 3389 1301
113 16 73 0
1177 176 92 1125
386 83 217 2555
2609 1216 2707 420
0 1708 1311 521
171 168 455 325
23 64 1536 713
64 1493 0 2338
857 1575 23 1091
542 521 733 168
179 113 505 324
454 1405 64 371
544 1094 680 993
41 5 693 678
23 687 642 124
1655 128 19 1459
82 869 1280 828
60 186 41 80
1557 2954 1118 1251
140 1371 296 148
548 716 872 2241
23 138 1925 60
669 145 246 280
41 799 147 124
0 896 2170 1000
1911 27 104 600
1396 26 999 1643
788 663 0 738
1405 124 836 120
10 40 124 5
866 246 627 290
740 264 0 642
1084 1050 26 64
290 138 124 273
44 700 579 130
168 75 127 119
799 489 1366 703
41 2295 572 1422
404 792 64 46
23 321 116 0
246 1940 22 2779
656 128 701 748
3 23 26 128
140 392 1516 30
128 171 27 23
504 128 400 0
113 662 0 767
745 61 509 593
1242 424 1364 64
60 174 799 537
22 434 836 1226
64 514 113 600
1722 1071 393 64
1066 26 89 1213
1141 470 2065 124
560 618 570 770
5 171 709 730
2606 1868 64 853
27 168 23 127
2794 153 799 1137
264 733 48 704
305 489 1136 0
128 1415 27 150
0 799 603 1658
48 1256 577 1124
1728 22 272 2709
788 1679 2161 3099
22 274 1177 64
64 2432 856 1466
1509 420 2532 0
2387 153 1025 434
60 1440 332 710
641 0 1152 44
420 915 171 5
44 167 1088 511
1573 22 1259 336
171 2679 177 168
1379 395 1736 486
113 676 2529 1681
41 171 1526 1651
41 177 13 773
129 521 1765 127
409 1098 719 64
2126 665 637 471
60 157 2452 1179
200 128 168 153
486 127 357 1755
40 177 22 2686
26 126 669 2737
1393 26 590 128
312 60 2911 505
2214 687 2552 531
799 1196 2655 5
23 434 92 625
1523 486 372 135
44 26 139 17
438 204 41 431
82 321 77 124
1839 189 385 1336
3262 436 113 153
635 826 556 1846
1115 592 113 238
1264 1112 754 3116
196 3621 1712 22
357 113 64 326
203 64 374 434
136 162 483 1212
41 26 128 48
39 274 123 1150
1368 2005 22 420
1282 216 2330 127
388 1113 22 2873
887 0 499 48
0 2802 24 575
0 325 172 2126
255 2327 154 415
669 1005 133 109
168 41 64 1216
22 711 486 48
2015 0 1663 1236
120 60 761 3
23 138 48 1891
392 2119 141 534
872 274 179 1024
64 1831 381 26
92 189 669 1306
661 111 27 2258
792 4 730 33
148 168 315 246
48 567 826 511
41 1365 52 1185
23 2625 558 1119
849 571 775 127
5 171 890 126
64 92 171 495
1340 113 385 847
153 1687 41 127
561 138 5 104
1610 1674 746 321
799 97 22 711
541 92 1242 0
64 361 189 321
2361 92 5 726
725 489 1633 44
27 1309 264 2350
650 0 47 22
22 633 2147 321
1795 23 1223 231
443 171 2038 1273
128 92 46 1298
128 709 0 2701
1853 682 1355 41
156 0 15 1280
273 64 594 1436
153 731 86 41
171 1462 169 128
64 1039 222 524
1803 409 99 2416
22 1380 640 2404
1005 27 1218 601
631 64 1076 2049
2078 113 1442 27
64 246 127 5
92 786 1399 64
2492 788 1107 41
2170 2241 706 983
571 921 2387 983
244 60 26 587
2332 530 766 514
82 0 916 280
215 900 13 277
9 1604 113 799
1935 128 2230 770
128 1287 177 82
657 205 0 92
432 1457 501 332
352 5 2020 124
786 1328 2981 3025
0 1066 750 990
27 1949 2375 515
1879 56 48 392
1950 1058 672 153
294 26 457 1023
78 124 741 420
157 288 10 420
1058 420 1145 728
1528 143 797 47
127 1446 5 669
587 128 1112 1363
535 392 1054 5
375 58 594 64
44 1423 48 2873
1539 321 1111 560
477 876 128 731
2489 1231 1453 1232
22 515 113 321
1568 353 92 1305
350 321 1546 799
177 994 53 64
92 60 41 22
1674 1988 1743 127
2204 2259 431 60
680 48 1191 128
44 788 27 163
1545 296 64 113
171 147 60 1154
0 3623 537 1181
1970 168 2535 1770
523 246 2416 64
793 92 1448 711
1208 1149 790 715
207 60 2888 195
698 1979 22 0
636 48 1054 168
15 2159 153 244
1070 1069 2144 766
729 0 420 1563
27 514 127 783
246 650 41 64
153 492 44 447
966 1856 1267 0
758 690 80 60
197 1190 590 1137
1179 479 41 92
829 2816 113 1857
2604 44 2355 555
26 159 12 878
64 489 1529 44
2272 168 1005 878
171 8 504 124
321 2135 1344 30
64 48 593 392
303 2153 2438 669
1649 1561 159 2551
64 2201 1738 171
2907 23 48 941
167 1906 195 793
1438 434 44 63
64 1073 168 1046
998 171 26 951
113 1176 3280 44
669 2769 512 113
1423 937 790 420
1084 23 109 569
44 335 23 1847
202 945 3364 74
64 2432 814 798
2129 766 2891 2
1456 5 392 64
1755 596 10 3317
667 1334 2209 171
127 0 213 145
1915 2127 1989 19
434 2535 566 1035
118 22 799 642
246 101 1942 642
580 703 1870 41
2895 311 385 243
553 650 710 539
5 806 732 1848
41 150 124 2362
3627 56 669 210
255 44 1383 1176
1184 44 1240 24
41 44 847 64
5 731 44 60
366 802 82 0
389 715 907 1018
113 437 168 1674
126 785 597 1115
2313 1922 0 709
534 2319 1357 23
489 283 246 1221
2955 1095 2416 601
1418 1431 2338 22
613 44 3393 246
566 487 127 44
26 240 171 2779
1982 246 1546 486
27 571 1226 124
642 714 128 1198
2036 23 453 246
1089 1423 420 2199
217 64 2016 438
1243 1005 137 512
1991 51 200 1335
1465 1051 26 2686
399 401 537 0
1299 799 64 1835
128 2030 669 799
437 147 64 534
64 701 1071 113
26 1393 419 891
92 22 97 1751
128 1130 124 486
1352 836 26 201
175 48 64 425
1600 1130 766 1118
569 1608 799 2105
2342 386 420 39
1346 760 2427 1216
668 64 39 290
14 1080 171 200
23 726 1075 560
1310 2194 104 168
22 1289 515 5
68 2319 219 1203
127 1071 124 218
64 668 873 399
23 487 1145 215
420 740 1232 246
585 1301 958 489
1644 137 434 153
1811 168 294 2754
509 615 633 1304
703 64 1685 2333
44 735 534 27
22 588 741 1439
3095 278 489 1266
1757 625 1352 64
273 41 168 246
786 808 171 839
642 113 1061 27
264 488 107 171
132 64 0 2295
128 621 1577 799
338 46 1612 1462
64 60 3085 89
111 489 669 2633
572 486 488 1703
729 60 1248 128
766 22 246 1789
2043 26 668 48
609 82 656 1674
799 273 22 199
619 7 38 153
1846 116 655 1585
48 1867 124 23
214 128 1387 60
67 1150 1118 1936
1955 1156 1209 1046
489 58 128 216
85 434 1781 1922
182 51 147 905
209 5 48 128
392 321 1360 829
1253 2299 142 1631
113 727 424 153
171 437 636 2989
1991 434 124 171
22 56 1035 139
44 1851 1274 305
420 2574 1124 3365
1080 48 171 565
420 619 941 669
694 1380 2099 921
1327 1267 0 246
1772 22 48 64
2470 168 386 3
463 844 986 2377
294 411 44 22
168 2540 137 0
1690 420 924 128
288 0 454 98
168 255 104 60
2514 91 2398 64
2022 44 2479 2144
171 1045 26 735
1509 669 935 1101
2334 0 64 504
529 64 244 0
1803 221 128 113
60 206 557 64
766 657 113 1200
163 23 1333 151
1224 189 392 2320
92 476 125 1855
440 2193 1018 147
64 731 27 1517
1176 124 392 643
110 0 41 26
5 1466 2005 536
1240 171 840 5
321 9 773 64
2556 1714 1505 1406
1598 461 171 41
229 23 1309 1961
420 58 235 35
72 41 683 2426
1538 1232 601 44
733 60 48 2689
5 2657 394 669
393 82 189 23
1190 398 557 58
1781 904 3166 321
1499 1398 458 64
22 1662 678 392
1216 719 1055 1019
1677 148 1149 64
238 733 766 420
127 534 2144 1303
872 296 2683 58
588 744 1011 1014
1265 753 124 1154
122 218 788 59
1094 864 522 1353
19 2435 246 0
450 153 2795 577
164 762 316 22
685 374 669 1475
41 3400 664 1164
629 1435 23 97
473 23 38 1533
64 2904 1663 505
0 489 3155 1732
799 646 294 492
22 2421 23 258
178 113 561 64
19 760 2388 837
231 88 0 26
1283 2746 208 48
1327 898 64 124
5 614 1968 92
92 1538 1904 67
166 1309 246 128
569 737 22 542
92 594 1224 786
41 92 3060 1195
120 1604 269 451
41 1128 565 1072
538 799 64 1895
1957 1005 1382 1317
537 350 1133 150
2272 489 434 1850
1331 48 27 383
1393 321 800 1328
196 258 615 127
124 64 44 1566
1995 2661 436 41
1939 787 2170 1146
1683 1019 82 22
113 92 26 401
54 1222 163 457
386 5 1416 2466
64 1419 589 670
5 41 396 113
433 23 814 127
26 768 1368 1978
60 1062 171 92
132 460 1198 857
41 1360 891 244
64 171 576 41
746 2139 869 772
718 171 1120 870
420 1102 171 1262
48 23 909 328
26 1102 124 2435
644 407 26 434
799 426 434 771
23 386 113 138
766 324 41 92
3304 41 1306 766
2238 1275 3016 1379
1886 171 1058 168
1463 153 209 41
39 124 27 792
124 586 23 2283
1814 688 2793 1173
1049 48 64 799
175 23 13 127
324 82 113 60
1991 128 41 1014
4 127 939 881
612 1242 2093 1796
26 642 1276 392
124 200 1196 713
680 1467 1497 241
244 92 1665 1018
513 113 259 1411
1190 968 1001 1658
48 729 64 1679
168 1797 1182 1927
202 113 1389 104
3174 321 542 2976
546 931 486 27
2209 201 92 730
1264 420 1468 766
128 504 532 60
189 799 127 94
486 1559 153 687
1351 10 770 2740
92 180 153 1697
277 41 26 14
1157 717 113 666
79 1670 171 1217
510 1213 0 2300
1142 1507 1018 246
2883 1605 156 64
1085 90 166 64
21 426 895 23
799 635 2738 2418
1523 754 566 1858
41 843 92 2028
2250 151 1568 124
44 1188 1989 1271
1718 1005 2392 696
26 133 27 842
5 1298 124 64
174 1403 128 642
64 931 2343 22
30 1737 813 171
610 735 171 194
669 1393 505 153
13 41 124 1071
23 1064 434 124
171 1835 909 64
2827 385 41 420
246 82 411 799
343 758 61 246
0 92 1018 64
113 647 791 31
2135 0 2190 124
5 1212 64 208
60 332 319 22
60 538 1500 2766
1150 1677 1879 2392
0 542 127 78
669 465 390 2448
3120 1322 22 1234
321 741 22 555
1662 2373 3389 1725
792 209 615 438
756 2180 90 1049
48 1007 168 1975
880 0 132 727
20 422 2043 907
1073 868 486 911
1221 548 22 1209
1144 434 1558 2875
64 291 489 155
27 41 136 66
138 2015 486 113
1876 669 871 87
1216 32 97 1176
2220 849 1101 879
60 542 1420 2670
64 1975 336 1796
2289 64 124 2055
1505 64 583 2275
2514 2871 994 3226
486 200 1393 1641
1475 1399 2502 1344
1026 1225 92 577
60 0 95 128
120 113 21 246
3201 520 113 759
2144 22 606 184
922 296 826 1330
878 69 1386 127
51 760 60 1041
118 251 1570 5
171 98 836 635
1331 64 392 482
1405 44 592 904
48 475 455 215
328 1600 2586 392
113 1717 2299 87
736 111 1482 1368
134 800 1256 1009
406 2036 1712 68
376 82 1339 925
461 205 113 982
634 376 113 60
2072 1289 246 325
1972 434 887 1236
349 64 568 1354
1593 92 691 22
64 511 1810 2535
2198 290 703 638
2352 392 240 928
598 22 756 127
48 639 1363 828
1346 2552 127 1005
626 92 2769 1058
13 883 1084 508
1897 2352 765 155
1253 64 26 1471
164 41 1382 22
1158 168 698 669
164 1574 357 259
168 1670 22 486
792 127 1598 44
798 44 2429 604
179 22 772 2054
22 229 127 319
1296 1388 1003 124
127 520 64 386
814 3169 1068 240
48 1471 127 870
1190 48 5 990
615 656 682 1500
1829 124 321 669
1154 1188 5 22
868 172 27 139
171 1450 489 1359
420 744 127 1082
614 1824 663 150
167 1582 559 615
27 1063 717 44
113 171 44 5
19 113 1416 1219
382 1091 1093 1049
384 392 523 2030
237 2360 22 1796
23 133 171 864
420 1272 238 128
90 1842 1038 41
553 486 221 64
1416 434 1885 994
23 2083 1462 41
44 582 124 901
701 1020 274 64
1206 434 918 44
1415 5 3132 1392
717 1599 0 713
82 1712 576 1088
48 321 72 2153
701 64 300 765
40 481 321 2013
128 1153 321 1027
851 1333 2122 0
5 614 44 2075
60 766 1687 0
82 3646 2353 1184
48 668 13 27
48 1305 910 92
441 8 1111 168
1782 1075 5 647
420 1005 2153 392
304 2 2361 486
961 521 1309 1140
420 246 2503 64
359 1870 1185 702
1355 23 604 20
1296 776 1633 1500
1368 22 2146 171
639 550 1302 0
734 1599 1002 26
1363 1075 611 64
26 1113 27 64
23 618 1340 1942
638 113 923 1867
153 737 26 626
400 1135 124 1434
2109 82 814 127
2003 64 124 619
150 2876 15 0
2067 150 1905 342
2976 26 2712 5
2231 766 124 1957
1431 1482 48 635
567 1324 44 1600
1037 1505 92 3261
1135 240 669 171
18 392 829 766
896 0 643 1403
132 64 2127 893
1982 616 577 2183
60 489 128 1734
48 1687 1728 153
148 291 171 168
1348 1617 171 1604
2055 392 1636 2109
1563 799 139 0
390 34 2636 2262
127 1326 190 132
1077 2796 1217 64
715 431 968 2370
116 6 1308 26
168 1281 64 26
1003 48 171 64
113 48 124 92
594 146 124 48
839 1079 327 22
44 162 64 131
27 1722 729 2213
1135 96 153 2755
107 566 1230 848
852 573 1142 127
101 799 2235 3028
134 486 14 47
51 669 1831 2728
2783 5 546 1088
864 171 1505 1077
322 5 896 48
1342 22 42 769
570 1421 575 2734
1299 819 222 2863
45 162 688 64
91 966 42 734
772 766 23 717
1939 1744 74 26
324 343 23 132
13 919 44 486
1642 26 152 751
766 1292 41 567
321 1077 686 1744
1507 193 153 386
327 168 41 1853
1529 1494 2730 92
2274 327 420 1516
246 2904 3158 3043
41 2635 1343 744
756 840 535 1520
244 22 1393 2979
176 44 1856 1041
57 92 1336 889
19 1406 1051 113
27 168 118 426
96 2633 808 23
0 168 698 486
2379 486 458 2212
27 489 217 41
246 211 48 113
1103 113 2023 984
2679 738 85 1869
213 469 335 1344
336 653 1870 27
2483 824 420 3650
1080 669 870 64
777 22 666 60
27 64 41 1141
840 1175 171 113
171 2105 1528 604
1330 1141 2039 1280
62 44 1921 1147
145 171 514 60
1116 1383 22 153
1957 1344 64 317
0 243 2714 1827
168 171 64 26
23 82 166 171
44 826 113 1474
716 180 22 26
508 486 713 2110
127 777 26 2264
1634 236 190 823
1737 808 1000 416
48 171 669 1365
1194 375 1984 1081
213 1163 153 409
1214 216 941 1443
864 486 803 2858
702 0 127 215
372 1328 619 315
1731 907 64 5
139 171 64 113
657 1507 100 168
3504 1172 418 669
912 1517 2468 637
58 191 669 3023
3578 2758 3064 3647
64 1453 535 1112
326 186 835 586
1091 128 277 168
689 706 311 58
194 0 64 2084
1204 1 701 563
1419 2262 261 23
481 222 1860 1431
60 2556 689 1367
264 171 246 20
27 1139 2653 440
141 669 423 553
1829 2972 669 1143
799 669 1179 2235
799 27 1559 361
1602 127 792 2793
916 669 2322 64
1071 246 168 1925
238 323 171 82
1103 41 424 2352
683 910 1832 27
124 127 48 1158
556 131 148 662
44 148 895 1272
565 41 1120 0
434 104 85 406
1433 48 390 0
433 23 2847 1173
168 567 113 1380
735 726 2327 171
510 128 2216 136
1088 1044 64 259
1078 26 2417 490
1190 124 1390 59
922 963 2146 714
599 2920 1313 504
1963 766 798 424
694 321 645 1342
744 392 600 1217
198 40 0 1106
3207 1250 156 2979
683 22 392 666
2033 0 438 26
246 612 1727 64
64 1906 1213 1911
1063 246 1471 2176
2115 377 2072 423
48 3145 1963 64
132 1050 1712 128
64 939 721 631
213 128 1594 1592
64 115 1171 968
642 64 280 195
669 246 661 0
576 1782 1767 64
1578 772 1600 26
23 64 2270 788
0 128 243 171
64 75 766 781
124 236 1078 1846
22 660 205 558
369 392 2088 434
426 989 744 181
41 623 294 321
2545 558 1256 168
709 491 0 1539
92 1049 799 720
1508 82 1218 2676
82 731 26 799
766 685 1858 167
1400 127 64 925
1930 356 900 168
92 392 627 434
321 0 1596 349
465 1296 2017 127
27 852 113 2257
1957 866 386 304
744 64 482 737
127 2130 1094 1538
92 1348 2170 5
675 168 1020 1101
895 2637 489 1978
0 915 1245 1967
175 171 40 116
127 321 586 434
1218 1207 374 2317
791 385 1856 213
0 721 400 836
64 1695 22 15
319 246 168 278
83 2098 514 2290
766 113 1376 1442
113 1257 48 73
881 1420 153 1364
874 1592 1428 738
171 124 895 558
124 26 886 1576
3056 5 79 1300
5 634 1025 1071
22 508 43 1607
754 414 3 769
209 92 166 2836
792 244 569 2136
434 1853 2827 527
2042 19 3030 3622
189 945 1593 317
534 702 22 434
489 392 609 1212
852 136 64 716
2147 917 1421 404
0 849 568 392
1355 2098 481 26
1658 1796 764 135
92 74 644 1425
390 932 1078 27
64 1275 964 866
128 166 246 168
396 41 657 22
64 798 44 48
1722 246 124 1558
824 1132 101 1276
112 60 64 1181
171 1639 1285 64
2099 1029 883 433
1549 905 2335 1438
1001 765 26 755
713 44 1431 434
1003 1278 22 2696
23 1233 1775 511
660 675 2013 157
124 1181 1999 0
184 152 89 792
434 57 113 231
1137 472 1717 667
216 733 1380 486
1578 48 127 1380
0 633 113 124
48 1107 1545 293
577 1883 1206 1334
669 438 1915 110
1959 2738 0 62
131 79 509 218
1210 18 1115 181
64 766 26 312
547 1241 414 116
127 1209 145 124
563 2642 112 5
849 283 745 218
18 244 277 127
113 22 1846 246
30 1180 27 1826
1145 1046 128 781
1853 2241 483 26
64 193 1859 26
64 2203 2675 60
1419 112 1688 2083
113 2651 585 1417
454 578 82 1245
1664 171 564 168
116 168 818 2705
128 606 1546 2470
2870 321 1847 810
630 48 117 0
1829 64 1826 1298
160 41 103 171
1219 1726 486 1764
907 486 113 26
2463 2017 1123 2250
547 213 206 1243
171 118 2525 392
748 23 738 2545
1363 22 1055 605
741 128 1004 311
1674 280 1343 2294
1385 113 1283 402
960 44 1038 1465
1930 128 790 523
1072 263 432 1966
489 2041 401 667
65 1376 1905 486
0 1353 842 1393
129 92 171 60
343 2067 92 322
44 385 849 235
1234 235 128 1542
483 1234 420 171
171 179 246 1481
869 940 60 27
1692 638 219 904
168 834 48 1230
2068 0 756 26
48 1669 1644 82
557 207 44 60
1340 3484 60 739
1786 2071 0 2569
85 2671 263 897
64 1195 486 385
64 2671 168 41
566 2107 1598 26
113 7 44 529
23 1174 3072 766
873 64 799 124
670 1515 1241 1354
5 359 48 41
1321 761 48 1179
1033 1241 64 246
49 799 695 127
3654 171 3436 197
2655 44 153 2652
434 2814 294 1635
1382 399 1991 1023
501 895 59 420
1617 32 1862 168
505 1107 713 349
757 128 1963 26
124 1710 127 2988
434 294 763 489
788 1151 168 772
150 39 766 2139
688 44 1212 989
5 557 445 625
62 1472 26 420
2093 113 218 328
1428 1108 246 90
134 2540 746 246
814 1714 1344 27
188 41 332 766
321 128 610 1351
246 466 277 22
0 1176 586 383
52 1586 60 529
625 26 171 529
2255 60 1998 569
489 434 32 44
434 60 1393 385
202 44 60 124
44 687 1604 52
401 1535 3250 113
171 1176 1345 1265
140 524 3145 826
2004 420 2687 642
27 155 113 44
724 2310 246 60
168 552 1067 1174
1055 91 420 71
420 2648 363 709
954 799 1586 92
207 294 128 124
127 64 1034 553
399 1 1218 1696
660 122 420 625
41 650 2144 651
529 423 206 2547
48 669 312 721
246 168 64 213
2125 41 1856 513
168 656 1966 1339
221 1465 799 1130
124 857 274 730
1826 164 3491 735
1365 207 792 27
322 894 1598 15
124 1389 1397 542
1559 1520 212 2585
3565 113 23 1599
97 625 0 738
1152 1253 2647 0
198 2705 183 420
174 374 127 31
127 2028 60 1101
400 92 97 733
1812 22 1054 799
203 16 128 2424
26 392 352 2126
1406 799 1967 128
1129 1859 265 202
44 1133 765 246
669 171 64 507
112 171 64 828
3072 386 744 1366
2369 766 1478 3165
1149 401 674 153
1555 9 170 1516
128 151 2964 168
914 661 171 2152
48 116 92 669
1134 94 507 48
676 636 64 41
0 669 5 64
836 1168 92 113
1915 221 172 126
1022 44 990 775
939 587 14 194
1449 2637 1794 2078
1927 1477 756 23
1177 2528 420 2705
103 64 416 1816
423 904 390 23
26 874 85 66
1474 26 2028 437
384 48 1 26
1466 174 1418 169
113 1789 1546 204
26 64 92 0
1691 2802 124 64
843 392 1125 891
113 594 1209 446
1822 1686 3079 412
1195 741 128 643
1310 857 729 60
396 1018 0 434
392 653 168 413
92 1578 669 36
64 1275 726 433
171 646 2095 48
0 3011 128 82
931 275 1382 1617
1575 1566 761 1607
1679 734 1557 420
2385 1607 48 481
2727 1876 48 426
222 590 60 445
1267 41 1553 64
44 48 129 5
22 613 798 127
484 3665 92 409
1764 1135 1817 603
741 48 945 1839
2115 489 82 727
719 127 726 60
420 708 626 1367
92 619 1967 48
1326 49 1594 799
22 1113 2320 1153
518 2878 149 2133
107 592 216 661
124 632 665 126
1062 420 290 92
1888 22 26 331
127 168 2919 321
615 321 58 2532
1783 0 1115 1346
1260 1724 1461 424
17 22 110 2172
44 168 124 119
692 439 162 26
5 643 127 1348
770 82 615 1566
1326 64 801 1132
1832 2458 1271 311
2030 124 1795 916
1082 775 0 1534
153 92 1038 193
1811 0 2877 2364
359 1935 64 2385
681 425 2362 1019
1383 64 92 1889
26 91 128 1844
2405 113 1093 145
64 75 1600 624
13 480 3260 609
1637 84 34 420
1004 128 1239 489
1458 5 290 916
1112 669 244 618
2636 3212 127 2658
439 1331 1859 1070
534 82 108 836
1794 2000 1644 669
537 57 766 22
428 153 2 41
44 1111 836 64
533 1028 2197 1474
2220 1623 954 1598
171 1454 44 2495
23 127 2002 5
321 581 2298 3316
212 888 123 537
26 910 151 560
0 321 1185 64
1549 828 1090 2849
2087 799 1856 1367
22 44 84 167
64 898 2477 1349
127 632 1462 1978
276 128 1099 1853
60 186 704 1041
656 60 2494 654
419 3134 19 422
632 840 728 3208
669 27 603 2202
1721 1592 124 2828
1271 690 1508 2003
4 113 124 2882
2323 64 391 579
290 1721 168 1225
0 214 2016 1097
9 153 64 619
64 915 168 1585
803 71 127 895
44 34 1415 335
884 873 1178 1066
83 1185 392 1273
700 127 773 728
64 192 127 982
22 1149 5 1054
1014 104 264 127
1688 179 246 171
1253 880 124 1298
171 3277 498 681
1756 524 128 27
1299 1111 808 1389
92 375 2146 2661
717 48 1856 153
2679 174 489 127
171 492 1280 489
1017 26 124 1094
646 64 154 1154
60 2365 868 680
26 439 1417 64
2414 60 1324 2379
186 22 580 33
1018 22 799 884
1241 5 1175 2005
1267 23 669 799
0 1662 1401 614
368 1482 98 1670
2551 0 1357 906
1878 852 491 825
537 92 511 60
0 5 64 2057
48 678 975 1239
297 0 438 1749
5 1143 605 44
2209 1475 171 124
5 507 2251 127
799 425 128 361
1202 1382 577 0
48 1029 1340 2124
29 2780 48 1921
92 909 113 555
98 548 27 218
799 27 171 1137
445 2993 258 168
113 2093 22 127
27 904 113 699
221 1071 518 171
22 198 44 203
23 640 2361 1832
2872 212 246 1135
44 2390 3671 104
113 326 1328 64
128 762 2648 60
127 128 1972 420
1298 1091 727 283
26 83 207 1939
44 123 64 486
790 420 651 168
39 113 116 1851
448 489 23 1365
5 1472 1518 22
54 0 896 669
41 1038 2425 64
27 124 58 1516
1060 1397 44 1084
1414 492 688 5
396 48 10 0
177 78 1651 3202
44 931 1683 817
1955 675 1354 163
23 1664 0 1082
23 910 1304 124
124 26 1458 292
420 556 967 27
64 2187 23 1108
416 343 113 1621
26 110 64 567
1398 92 113 3040
583 109 124 1319
23 646 1539 2467
1118 514 14 153
1047 27 128 810
113 512 799 125
2780 1715 1495 1142
244 893 555 326
580 374 168 0
799 2320 1957 1073
1593 2411 168 93
669 1156 376 657
420 221 128 171
124 1876 701 167
1275 474 246 184
790 64 68 406
2181 764 1275 420
405 1149 1298 1619
280 64 1388 52
244 1271 887 2920
1090 1367 64 138
168 27 60 482
316 983 714 1200
902 2573 2734 2651
2892 3263 1851 317
489 1121 713 1545
2418 728 74 64
1062 386 716 171
139 64 113 579
27 579 1439 895
489 687 92 316
73 675 22 48
171 431 57 206
2837 2385 0 1286
27 265 575 352
2641 171 308 2633
1108 476 1442 128
1518 1860 861 766
728 1063 366 23
1119 2146 22 1145
434 798 611 27
1055 1177 753 22
41 904 1730 392
513 183 41 128
64 196 48 60
2255 1149 2376 659
64 2082 128 2166
23 153 486 1457
1179 714 267 168
2796 60 1784 127
481 766 631 202
26 787 900 259
127 556 58 64
1118 128 0 1042
1969 22 884 1275
153 44 1569 27
765 26 1912 849
1590 1428 3220 1141
0 580 1915 799
41 1660 1577 5
651 439 1601 330
0 925 92 766
1367 22 353 153
3138 3177 738 330
22 1657 171 828
666 1853 669 935
1365 44 321 644
64 434 274 788
328 22 741 1176
2320 1022 507 144
581 420 437 568
646 489 0 1091
984 101 1415 665
168 53 1276 437
0 1866 1384 1720
566 168 911 5
669 1371 1260 1604
843 2416 455 82
588 113 44 1041
849 26 445 1736
1341 246 1466 1096
1930 184 322 1982
1200 1715 799 2143
1249 44 364 896
669 1874 719 1840
127 1908 273 766
575 507 168 587
558 806 124 315
168 288 1756 861
486 64 537 1132
166 1674 128 133
128 1158 348 1364
1019 1516 336 82
153 614 2362 1582
420 1708 1212 23
1270 766 92 2250
2 0 2541 1466
771 15 338 82
0 246 524 1092
64 48 534 2200
321 0 799 1135
27 1133 117 26
1423 64 1539 2924
168 423 1134 1313
1598 64 22 389
808 113 1143 511
128 1840 1770 2630
1226 113 317 1864
321 1555 127 2962
64 386 92 44
447 44 1301 360
1384 321 893 950
5 117 838 434
0 124 2153 5
113 975 383 22
1090 411 2752 3089
876 657 128 940
1421 113 22 1726
1721 63 491 113
1034 2258 2071 541
1796 1399 332 2747
622 996 1121 901
621 694 648 27
60 738 2069 64
128 124 207 437
321 283 1066 171
925 64 1452 2103
22 186 23 1241
124 113 321 150
202 1547 613 0
538 1583 564 420
0 1456 486 1061
1126 171 489 1497
211 44 426 1214
41 125 64 1862
26 994 392 946
1335 651 17 60
1114 1425 5 1211
127 325 375 657
1830 512 57 665
2354 0 2494 434
915 124 922 434
2072 168 2758 201
2958 171 989 1098
900 44 420 2102
687 434 124 57
760 64 168 511
1276 2380 2112 644
1542 215 2311 567
1423 1098 698 113
798 486 1874 3387
2837 1462 41 763
1226 118 1025 1020
2540 1073 64 168
812 350 60 489
2288 3274 127 457
409 1981 64 2304
48 315 350 184
662 420 1744 127
113 2055 522 280
133 2179 168 554
184 153 163 462
822 44 439 22
171 925 78 44
900 64 1378 1697
168 336 171 426
688 1545 41 116
26 728 113 799
0 1466 2890 788
1999 22 171 153
1535 124 608 1866
669 2535 44 195
153 1296 646 741
2102 44 1930 3124
657 18 92 1313
1112 171 311 1113
2255 521 64 113
392 14 929 5
511 171 667 1081
1107 195 1029 903
37 1286 201 44
2738 194 1368 1696
3674 420 149 2310
808 1657 22 465
189 1808 668 127
1789 1761 213 586
168 2011 174 44
489 1310 1297 57
631 843 2487 41
799 160 64 1348
64 113 505 200
1541 798 171 1396
579 60 900 1393
542 22 1427 486
44 0 54 716
64 151 1450 459
150 127 766 2163
123 27 1204 2362
419 988 283 128
644 2479 968 986
1883 246 2320 1367
583 3676 127 360
1674 171 560 2556
27 1688 719 486
438 768 2994 127
1175 41 26 1271
23 128 1385 153
326 405 168 214
648 525 60 281
30 0 434 2474
489 766 604 246
64 567 396 5
2338 124 466 321
1639 1251 104 1501
2990 44 2003 1500
527 64 1139 168
894 1991 128 559
0 48 883 1521
0 611 64 280
113 124 5 265
1813 130 64 1835
199 1602 486 1112
127 5 790 1523
1381 2642 420 1145
438 0 713 127
420 168 894 167
22 113 3387 60
92 881 1831 1475
168 26 1767 127
587 482 64 837
814 124 177 0
1456 392 1098 22
935 486 392 1098
1969 246 1066 735
41 193 510 1393
2055 3104 22 504
22 841 434 349
795 420 278 794
331 1898 2530 791
531 2739 2139 332
1340 926 155 18
27 60 585 113
242 1816 1321 2828
766 1645 26 559
64 381 1801 1962
27 703 793 1120
1744 1665 2076 669
184 419 724 1663
128 821 669 1204
223 609 113 242
164 669 401 1481
92 168 216 22
435 1298 1967 771
97 1047 64 2004
30 64 139 529
643 1141 23 1056
849 27 1726 2000
731 3678 1582 1165
119 168 1796 60
489 124 1412 171
1756 41 264 22
44 1270 26 207
1007 48 44 1426
97 1447 2122 41
60 385 27 246
448 788 79 89
2342 392 1341 470
64 26 704 280
523 321 1309 617
60 891 27 1145
1693 147 1641 1601
797 704 127 775
711 331 81 420
22 766 700 246
555 137 64 113
2776 44 491 64
1007 113 495 26
746 60 2212 454
484 169 2570 976
1649 1054 799 1487
289 527 770 128
482 766 452 82
60 1482 168 102
766 1612 566 1327
582 365 420 47
22 799 127 5
1365 128 115 2431
647 280 1257 714
0 942 113 59
1382 1057 41 37
22 171 264 394
2829 392 400 868
1542 1261 124 865
486 437 1568 1649
2139 393 799 1722
434 585 392 3061
133 2000 420 454
839 60 471 1003
127 73 290 0
212 127 2003 1827
211 92 1280 41
1789 3324 2688 2040
64 2306 1286 385
1431 1174 82 193
106 486 558 44
44 795 183 27
2570 337 170 44
1439 113 1274 41
3043 23 3429 1492
486 766 1311 376
140 2264 0 22
82 5 1961 92
27 44 614 64
117 1376 2417 434
2047 171 669 486
124 849 2116 693
113 1115 22 2011
259 560 124 420
2419 195 127 486
125 124 811 60
799 168 127 106
1851 2523 920 1086
413 801 908 810
1721 2126 49 1146
2402 210 3020 808
113 5 386 762
1428 171 1364 2607
27 681 22 1629
1173 488 64 1161
511 23 22 566
434 1535 41 1466
26 58 149 171
41 67 78 1018
1415 64 842 581
647 60 144 42
1336 44 127 27
434 60 27 321
104 205 1685 574
704 2510 64 26
1687 1936 719 44
2836 1069 1145 27
311 1617 566 1466
687 434 48 41
1382 489 901 1468
280 92 1363 171
109 64 183 41
1039 64 2078 799
44 1256 2188 124
26 168 1324 96
104 1531 669 337
426 1037 2238 1553
2780 5 2237 64
26 41 42 2032
392 24 2216 23
1770 82 1208 1380
124 552 420 435
26 168 22 732
22 434 861 647
2699 352 127 2827
13 1612 798 127
745 41 189 174
565 434 477 1239
737 801 911 489
132 140 64 1317
486 582 160 1022
64 2386 586 878
2731 64 1470 1492
79 124 579 1163
575 92 1834 1314
27 649 2235 489
590 743 1078 1303
64 2891 191 2071
1510 130 1553 669
335 64 1370 1218
535 323 82 124
683 1871 128 908
528 1191 954 148
23 420 48 425
2113 48 1858 6
1054 1062 1395 1864
392 64 3681 197
321 64 2012 1340
693 0 2421 499
1475 486 436 1685
1545 1955 1557 128
246 1482 1414 1682
0 2183 2078 1273
27 1712 876 124
176 736 376 566
113 195 883 567
64 92 2290 438
127 82 2911 189
60 27 1404 264
2183 766 830 2649
2526 0 799 163
3682 777 1063 420
1768 1035 332 27
0 1145 1073 128
57 1868 128 166
385 26 33 983
22 481 420 96
474 1230 486 546
127 338 22 97
1224 246 916 1406
2168 23 2379 524
1685 1054 13 171
171 600 799 26
218 627 0 1371
2125 465 60 1059
167 3571 92 754
64 124 26 699
44 156 1767 171
44 39 495 246
64 586 766 1588
128 676 246 1651
1592 22 26 127
1106 378 2576 0
216 151 1603 211
129 882 64 1584
555 669 64 1001
669 63 1674 135
766 1534 153 74
420 1830 1535 1721
89 1737 127 2124
2919 362 1049 41
111 431 420 2047
766 1046 926 1750
2022 22 145 7
64 891 851 128
669 1970 862 131
2013 1343 799 156
1378 1371 216 669
419 887 1372 753
1496 231 2616 1733
64 525 218 171
619 991 2635 422
1135 605 68 489
464 168 1072 487
1236 1283 321 2429
168 583 1336 1827
2503 151 92 865
1829 3253 574 1549
392 252 379 971
196 1194 2141 44
22 343 578 403
396 484 149 277
44 153 5 171
539 64 44 60
41 624 1439 1181
96 0 2528 36
92 64 884 591
669 1070 1668 1403
246 23 1319 104
22 129 23 127
2432 27 51 0
124 2011 60 45
1054 1726 2510 489
2179 628 171 19
113 10 420 26
1062 27 37 1584
82 42 529 280
772 363 2793 5
1216 701 1737 92
1968 22 128 900
814 440 769 321
424 1727 142 1862
2174 1953 3093 1812
558 153 1086 23
1001 92 763 145
474 246 1082 171
1009 5 127 328
874 420 1034 5
113 303 392 22
64 246 2233 1681
23 1599 0 1586
434 316 392 400
743 145 766 50
2361 0 117 127
1814 571 23 2294
236 1858 1364 60
1200 1355 92 934
458 107 168 2350
702 64 226 41
1504 489 1770 3145
88 64 1192 5
1987 127 2968 424
23 44 86 0
583 434 486 1256
92 1263 439 171
1098 44 113 737
22 1082 113 123
89 44 691 1165
22 1586 1438 1382
692 922 734 92
558 2506 420 1544
113 604 64 687
728 26 2779 44
183 571 1259 472
766 176 1236 64
0 153 59 321
434 1153 1181 128
1368 48 1253 1590
1256 99 60 0
64 2119 1395 945
44 48 2156 128
311 189 661 337
1 27 64 116
486 1194 1908 68
1204 373 246 23
23 1497 1682 1618
64 167 1744 1566
2475 2717 22 99
2659 1030 26 1122
690 1596 428 2648
611 0 489 95
1313 188 128 274
495 107 10 348
1871 171 3679 0
113 1084 183 322
41 5 1600 585
1700 1710 2611 186
139 128 215 1010
60 514 127 635
426 242 82 2624
576 82 399 1808
5 2076 1445 1487
744 128 1604 1967
665 128 5 1240
96 48 124 1494
669 479 1439 60
1381 23 428 64
1228 704 64 531
92 799 128 3326
1218 168 58 41
153 168 766 420
64 41 766 882
945 101 1109 214
177 5 1383 1439
2937 434 60 1145
92 127 2523 26
26 1120 171 669
89 392 1313 225
396 334 146 44
113 2954 127 27
128 211 188 26
2049 2637 714 40
98 139 124 2041
486 113 1135 1295
528 434 600 420
1098 64 1710 1625
26 1998 434 579
547 1316 386 26
1601 1056 2675 2882
23 3394 124 2125
1939 770 321 1444
400 273 919 943
390 510 26 666
392 1241 434 1216
1348 1372 700 669
153 600 45 22
90 669 857 1205
133 92 1703 486
1258 22 141 486
22 385 206 64
1876 420 1155 85
3077 46 1405 321
246 71 994 26
1108 64 153 261
776 45 150 1042
2305 321 1346 172
1088 2238 300 2022
385 814 799 44
572 41 2184 2773
321 60 1271 2286
392 120 954 44
434 410 1466 838
1079 797 343 127
127 1313 22 1492
64 657 168 537
1195 966 41 38
82 210 189 2214
734 1061 941 165
790 386 799 3132
726 41 1241 464
500 271 64 1168
669 1125 1730 0
771 1982 325 799
420 168 273 724
124 714 41 1095
1843 97 420 1228
91 434 3061 124
489 2540 321 1242
644 209 171 64
755 556 363 188
1668 750 246 85
44 2167 2227 64
704 125 336 128
797 823 2736 386
669 601 168 1264
420 27 837 956
726 851 127 27
2121 2477 3108 420
625 127 489 2911
1300 127 434 171
1071 60 1019 26
1844 901 44 633
1664 3517 41 1126
766 48 1326 171
15 771 462 539
321 128 290 124
124 916 420 2611
127 64 594 5
127 1991 1823 3034
109 1837 392 692
352 575 19 778
64 132 155 113
22 1102 61 72
127 43 2146 27
861 321 529 556
64 128 1340 0
0 1406 2155 2126
128 1049 153 647
105 41 1334 1858
239 852 898 64
26 372 240 419
93 719 64 420
1858 2449 41 563
171 489 446 41
1059 502 41 1225
27 765 1925 64
1176 64 2462 1858
434 48 489 556
124 39 1047 880
1663 947 128 565
127 1644 48 1578
92 1465 434 682
26 52 696 750
330 457 350 127
128 619 1241 1747
553 523 48 2412
1001 1723 64 124
1129 434 60 562
1162 0 1578 60
699 1417 2148 409
595 1344 1352 1629
1732 168 2130 420
72 58 0 1433
221 1080 1628 64
132 281 38 104
1050 11 82 2938
1394 127 1141 1133
127 1071 1327 2855
1456 2467 142 799
64 4 769 675
420 135 243 2729
420 686 50 2198
52 921 392 772
1051 790 1200 26
5 2136 117 278
573 168 537 669
2992 39 127 27
454 715 788 17
576 984 757 108
2320 217 92 0
808 396 127 1500
2548 2403 2094 2944
60 871 799 2470
596 1813 1456 41
246 2552 489 82
321 168 1482 489
211 1592 438 2115
2569 113 171 1352
880 5 1054 2209
1310 1995 22 41
799 2979 537 1721
74 1211 304 275
64 909 321 1328
82 2002 392 27
1669 264 124 44
679 65 23 22
1099 434 1953 2317
26 39 211 776
621 2510 803 27
919 246 2506 681
1706 208 113 203
1321 966 124 644
695 23 127 164
1578 1144 771 0
1336 654 64 128
609 386 411 44
44 188 34 127
420 2779 2741 605
1535 171 573 26
41 2133 489 325
41 737 128 1433
282 1601 392 738
1623 34 49 2467
128 139 189 26
75 0 1895 1419
128 151 1301 64
26 5 2049 153
168 537 189 26
1014 1185 132 27
1176 64 1109 1396
171 1068 793 1675
168 443 1289 2043
3689 3198 1299 23
113 44 832 124
463 168 2782 246
2098 1038 203 2757
669 2879 64 23
22 0 82 1203
460 92 368 104
155 434 38 64
1912 1516 44 662
594 1085 1824 1417
171 756 41 1925
420 515 792 1815
82 1347 799 376
124 715 669 64
41 1649 1547 44
455 64 406 2599
783 273 153 2075
60 246 62 897
266 60 124 1621
23 1056 635 2955
861 124 109 277
2949 124 196 1739
1149 734 168 3041
851 2182 127 1549
3055 489 1045 633
171 1230 60 420
1739 1259 22 664
799 1262 41 171
1535 669 134 246
9 167 1409 171
926 2091 657 171
2771 420 41 1149
82 26 392 49
135 592 171 64
44 420 92 437
1764 1113 1301 788
735 1395 738 1153
22 1842 605 64
704 985 26 124
136 52 444 41
3072 251 26 48
64 81 558 541
124 426 745 280
420 2503 171 212
31 836 64 2255
1027 22 350 116
1069 735 1313 1198
64 34 789 2309
2202 153 1622 799
195 41 523 799
60 2502 127 5
177 64 41 14
60 2418 1112 1029
26 42 143 1230
48 933 1576 718
113 2053 639 44
1154 332 1906 117
922 1747 434 41
60 44 274 23
118 2850 171 160
195 27 1308 788
1978 1415 489 283
321 3600 1568 983
2552 273 2094 1256
188 1145 127 675
189 1210 1338 64
189 509 2754 332
22 2154 826 1909
2047 1243 2411 1711
799 249 2531 2911
30 3624 216 3667
437 669 64 350
698 769 434 27
40 167 1383 1711
634 134 22 723
1957 2726 1631 64
211 1190 420 220
26 97 1115 1724
0 460 1141 258
0 53 504 315
1666 799 1497 128
865 60 825 639
1137 1333 910 1390
284 329 1163 27
44 2418 23 3408
26 183 792 128
22 139 501 1052
657 246 195 82
932 205 16 26
420 1115 22 766
2949 281 669 96
1348 1440 0 113
766 60 1406 434
1109 44 1046 1928
558 349 1701 1298
11 124 766 1868
202 1138 48 326
1039 3405 1563 17
1150 437 1864 1271
1150 48 765 168
127 2205 2881 178
2531 386 376 41
385 489 2338 93
669 127 2426 153
1365 23 2769 171
974 22 992 1258
1067 1334 584 127
136 1036 124 301
1194 461 26 1426
1303 41 2836 720
581 420 527 243
60 37 426 171
939 26 1098 1131
202 48 2289 64
1380 624 64 753
303 48 112 1517
186 706 48 1367
64 128 934 44
1975 64 777 1309
835 863 3063 82
1571 3080 763 64
2673 22 431 104
935 246 64 0
714 588 1275 64
776 734 246 960
64 5 48 2114
199 726 799 1462
113 119 127 44
108 48 1685 695
153 1264 0 386
411 2459 246 498
128 189 64 41
321 15 2643 420
64 646 151 799
2004 44 426 5
64 1371 134 218
113 278 2417 1939
64 428 22 1497
9 453 82 379
167 48 381 128
1340 171 68 1800
772 1000 2679 168
58 1025 113 334
748 1251 525 1810
26 597 2727 486
60 321 1113 1584
43 1898 1045 184
0 759 26 1697
22 1608 44 788
1388 171 799 303
1091 22 221 117
686 206 0 3075
2397 1272 1251 143
678 263 406 200
4 217 689 489
171 619 48 1289
64 2670 669 2344
2743 124 243 647
2144 1340 64 44
206 374 558 113
1181 418 1076 113
167 26 91 1689
1796 1 206 128
60 92 183 27
583 26 1982 168
2199 22 745 1723
287 22 64 40
246 577 717 147
662 722 1760 669
1298 0 2789 748
822 1414 729 1302
392 212 489 113
3170 128 2947 1814
316 127 1566 881
92 900 113 303
1130 64 41 1287
22 2267 193 703
212 669 171 22
124 60 390 127
246 669 1061 122
1452 2120 64 1373
1862 930 3587 3558
641 1861 392 78
22 82 766 669
420 1163 41 128
1607 27 1451 2101
1340 608 127 426
1150 41 438 60
170 97 128 888
799 124 1304 44
207 799 1341 53
200 910 1261 168
434 471 1358 632
669 1917 404 1956
105 1361 799 1584
64 644 729 38
2290 392 172 612
1204 790 486 1505
686 1184 887 1689
669 35 1634 48
23 321 1054 27
420 984 2872 607
48 283 1719 9
60 1213 64 445
779 97 1109 72
420 1271 2208 127
127 64 437 916
153 3061 519 584
1321 168 1150 64
321 1478 125 589
587 168 1113 12
153 334 1962 2500
474 2041 1092 64
0 1257 153 290
60 88 766 292
41 153 208 481
1382 124 127 1042
30 26 1584 711
558 10 608 1280
82 657 2227 730
1124 113 489 753
238 622 596 124
515 1023 666 1309
168 1837 1768 2233
1393 937 1458 720
37 704 1867 572
2409 453 283 434
1221 417 85 128
357 336 342 171
321 2746 1651 420
22 44 127 1084
48 158 128 64
124 316 48 206
48 330 155 246
384 2641 874 0
113 26 321 1103
1080 26 1768 254
922 376 167 843
505 567 64 1623
793 1646 124 1046
42 1900 894 1304
153 7 113 487
2352 0 44 2796
171 434 1970 1234
486 278 641 92
27 60 733 321
861 27 2310 0
891 1241 64 128
27 799 113 1500
128 0 2091 263
183 861 64 730
0 171 3694 486
246 316 2372 507
246 2220 1319 171
0 23 113 433
92 349 117 870
1417 1176 134 5
3016 2144 2907 41
64 44 1561 1712
765 444 416 92
39 27 1121 1272
569 998 754 160
171 842 242 64
168 513 495 607
392 17 60 660
591 1230 650 609
5 434 1596 68
520 27 890 64
1915 1655 60 195
275 128 489 171
64 22 1232 283
3061 2703 771 23
63 723 2036 0
48 888 1876 168
2468 127 396 153
171 581 2371 2276
909 1419 1271 48
1447 44 42 434
1248 489 64 788
1540 0 739 1466
1400 79 44 422
866 97 64 755
1084 381 6 92
25 113 124 1005
26 113 437 3077
253 64 41 1634
420 669 153 64
1556 1340 38 489
810 113 326 327
775 27 171 322
157 96 2244 168
64 153 0 1067
124 157 523 1915
2425 64 1114 1539
167 0 409 486
26 168 48 139
1864 2686 568 44
654 19 1566 1367
669 625 1251 45
168 624 2707 646
127 26 878 799
1088 92 1871 594
1531 1868 168 1066
2871 1169 1719 1669
10 128 48 523
1137 92 124 1431
64 713 3077 41
168 1241 153 87
553 0 22 1165
40 856 669 541
2254 260 392 48
23 432 1384 124
1232 925 434 1350
486 42 113 3357
215 1584 439 1772
27 914 124 437
168 124 690 918
27 1023 124 1887
1331 475 26 14
918 26 2167 242
1608 487 542 486
2259 1306 193 2112
91 2100 929 168
686 698 1094 3300
603 584 356 573
1854 1553 124 44
64 274 171 124
3150 127 695 399
669 104 22 709
27 2075 22 428
246 2570 171 68
1037 1405 1042 157
458 616 82 64
1292 434 400 1847
64 698 741 2
657 97 171 64
1385 64 431 2264
1169 1216 5 603
567 153 104 913
1864 277 336 92
1257 127 1903 192
611 641 128 994
420 1226 64 1035
3698 2458 511 64
669 108 0 252
609 127 1666 810
729 386 823 1085
290 48 396 580
44 511 1987 799
556 64 91 446
871 44 246 581
887 790 246 484
1307 2743 337 82
2136 58 1852 26
1011 124 1868 22
246 392 48 687
171 134 185 2234
1305 194 350 168
766 113 1313 656
148 193 48 27
113 27 434 64
390 23 0 1352
729 420 1634 213
246 133 623 486
737 128 439 116
27 669 39 392
669 1967 592 92
612 12 1406 242
1617 205 766 399
64 964 3214 321
104 176 41 153
1038 1059 1433 486
638 519 2153 27
2668 1887 27 547
2447 82 2002 0
1538 1252 486 1355
255 246 119 331
273 153 582 113
733 92 943 60
303 420 741 766
512 5 377 92
2487 48 2345 1992
189 5 124 168
737 1296 22 434
1619 1463 1355 509
22 1337 116 489
542 2025 5 1999
26 1330 392 584
3022 1670 199 1176
1218 2018 581 1977
797 675 1921 279
60 171 54 473
619 64 771 60
1248 669 27 1528
168 699 64 129
27 1750 127 369
669 893 41 92
113 322 1466 41
839 294 64 900
168 2883 44 420
0 632 92 127
1685 44 26 52
168 4 1295 1738
392 51 639 22
218 1200 60 372
22 171 132 1276
325 0 2398 392
160 486 214 41
635 351 1008 941
113 1582 2974 2648
48 627 1044 464
119 64 128 34
251 128 1353 64
327 117 44 128
127 104 317 1145
89 558 1426 1280
80 1333 168 275
171 2911 22 60
603 950 48 45
0 2135 54 361
1101 64 348 1113
280 221 1096 420
1304 1373 92 4
392 0 89 1405
1212 1847 1582 1392
766 2386 1228 160
392 189 799 128
7 1163 44 0
64 518 731 82
1596 662 64 678
835 1326 1275 1696
82 3132 2906 1507
486 730 168 1682
64 304 688 1267
171 1686 489 1583
127 246 1546 642
1109 392 199 1760
774 332 27 171
2138 2234 734 489
1433 2055 799 1258
23 2625 1123 2292
99 60 198 1269
434 147 663 963
2979 79 127 742
2272 41 143 128
59 26 419 1516
698 26 571 2368
2220 902 1335 171
207 1326 1084 171
352 1528 1139 2264
26 38 113 3096
48 2482 1523 124
420 893 92 1859
2028 168 717 369
1516 134 2491 60
2387 2959 614 810
477 1940 82 416
799 873 420 858
168 192 434 1417
1083 128 75 878
1158 594 645 128
48 967 975 669
1107 392 44 2633
594 1127 392 164
90 23 108 1662
393 2156 168 1839
64 2980 5 263
669 97 217 41
113 678 1566 760
20 59 321 1425
127 1398 64 489
104 1115 1328 153
669 127 60 1645
486 434 1662 246
141 1118 1634 669
361 486 2614 738
27 22 560 431
1042 168 345 2757
1262 128 180 1831
684 97 0 336
409 168 64 23
2208 113 22 64
1230 246 97 321
124 22 240 151
392 260 1963 2101
171 2002 684 766
1346 64 226 97
794 168 1241 1516
642 420 708 48
1730 721 371 1070
3160 124 728 407
2655 26 599 113
420 64 2141 22
78 171 1 856
1313 636 1551 124
80 0 27 908
64 600 127 718
1735 1651 688 594
26 105 702 633
124 439 5 721
285 721 168 800
41 1115 354 113
26 1346 73 392
38 1398 437 641
64 150 515 1273
712 22 1038 76
153 5 556 859
985 1251 2694 2040
514 246 44 315
41 789 1392 127
486 2397 1730 1081
290 350 128 756
2343 352 1471 153
460 42 3 128
44 64 1431 22
983 119 904 93
27 1119 1782 216
52 1601 3605 0
48 657 1903 27
382 113 739 0
2349 1613 2352 525
127 1216 737 2283
82 807 2136 1939
81 60 1172 1680
2080 1535 128 581
639 41 719 44
116 733 26 766
2119 1283 171 4
92 363 123 1341
321 2405 1528 44
2098 1042 322 644
321 26 92 113
75 2308 843 669
789 41 799 1915
998 1411 748 22
1087 1711 307 426
82 2551 27 529
420 1870 1291 60
1096 113 941 64
64 538 1369 1115
793 56 153 614
1607 23 426 390
416 669 206 1101
27 0 1431 60
174 828 1204 82
1553 771 486 258
93 97 1467 44
27 687 171 44
721 127 211 128
610 26 2317 689
127 1019 105 129
2491 27 907 1646
1741 766 171 420
1318 113 1001 75
428 799 305 168
252 26 372 1171
127 1041 168 625
3075 217 437 1939
127 2570 766 171
164 1626 27 168
1851 434 486 22
1685 64 1216 586
1099 905 23 486
1383 128 931 625
2354 85 420 113
5 44 64 810
246 82 500 1601
1162 1256 1604 48
68 294 44 877
206 153 464 653
595 504 127 128
489 113 22 792
645 916 2959 92
168 619 0 60
127 179 221 128
486 92 168 246
153 15 113 1003
2896 98 1423 27
23 79 2 156
1198 857 2678 92
1064 246 690 26
2317 669 420 1528
127 1153 327 177
565 1102 240 64
1998 22 474 124
66 1230 1028 668
210 2665 337 124
1309 23 420 1911
280 291 1407 204
1353 168 132 2273
669 1836 1934 145
1794 828 375 5
1962 371 171 1730
153 1137 2427 441
321 48 44 1535
526 1007 64 2291
381 1241 1517 868
124 312 1644 420
246 2881 693 2338
1668 1042 1438 23
44 669 113 484
189 48 1466 414
486 482 696 128
420 425 2549 0
2077 92 604 393
587 124 1712 441
22 2 905 3
128 397 362 813
1379 352 937 168
562 321 434 2838
128 64 358 202
920 2596 153 566
905 1353 290 929
662 151 41 0
713 1230 26 48
5 642 790 537
155 128 486 186
1767 563 392 10
576 865 0 5
153 27 2989 3459
127 754 888 27
1474 87 673 1113
28 1253 1601 2795
1051 1479 596 26
461 1649 858 1335
454 629 23 106
1251 922 27 1172
124 125 22 690
26 171 896 44
1076 64 79 715
60 603 5 260
2002 23 383 246
2743 381 1814 982
127 41 735 1112
1368 374 27 1175
92 261 68 1458
246 189 183 171
622 2634 648 392
724 195 64 1057
472 1195 1091 599
1603 2204 638 1317
1403 489 3387 2379
629 714 60 128
1853 64 41 857
2751 754 127 985
1241 3385 396 26
420 86 22 317
1517 1022 89 128
64 1173 1957 114
693 1230 520 669
2323 48 801 810
1528 124 251 643
628 64 133 614
1112 168 23 464
1275 1703 145 48
246 1216 593 5
5 328 44 27
172 392 217 642
113 1947 1093 862
1212 2540 22 568
799 23 128 423
669 724 1149 61
2372 23 92 124
0 611 547 22
1828 64 756 60
125 127 1106 386
425 41 22 48
509 44 577 27
92 128 537 27
5 2235 1273 737
277 209 72 1178
678 878 1872 1813
1664 486 520 1236
690 1165 0 1682
113 4 2830 862
168 0 475 1452
40 140 463 1859
1184 48 709 420
41 692 385 758
1045 27 1932 113
30 538 0 251
124 47 1451 22
23 2759 60 101
113 1601 1849 3214
2596 124 5 1600
168 984 0 684
423 676 124 92
1327 27 82 434
97 1119 22 48
27 566 505 1131
209 980 216 390
420 42 152 353
1974 97 848 669
2644 811 587 799
27 857 64 559
1019 200 92 1475
128 242 127 1158
1336 1535 0 432
0 486 2003 96
1115 2654 1185 128
113 219 434 530
64 1502 1044 311
1301 669 154 44
74 3703 699 483
1297 1286 226 64
64 146 124 669
64 1185 60 26
94 164 127 2178
321 1349 48 1063
156 183 64 3044
1954 124 369 2481
730 23 1221 1966
1331 23 1298 434
396 778 1190 64
2179 113 505 1079
1663 64 0 496
385 64 547 404
1542 1275 128 64
48 1344 2908 2054
731 629 552 31
48 743 146 64
392 386 41 843
2410 1107 917 766
64 690 1130 78
669 1109 292 64
168 2416 576 2000
5 116 2234 78
766 41 153 22
321 909 447 1180
1973 2262 799 113
868 741 171 91
675 44 434 511
168 631 669 420
839 127 92 64
321 246 392 82
1059 678 41 716
1158 790 2175 64
1425 511 246 1883
2109 113 0 1757
124 1317 1182 1426
431 799 246 1836
1850 486 339 484
153 646 164 713
2432 48 171 489
392 1421 124 352
44 2639 315 64
1 1079 647 27
127 2208 124 46
48 124 290 27
168 420 179 2492
171 1405 396 515
2606 96 44 392
168 1355 111 799
1396 18 144 82
2672 246 50 185
699 1312 345 390
766 395 1372 1731
481 168 60 338
505 950 44 799
2262 128 1380 1009
799 971 615 168
2334 2862 41 82
46 1182 23 472
1308 168 727 23
799 74 64 392
44 246 116 274
279 64 128 33
596 166 871 2398
989 1475 153 174
481 486 1079 2354
542 44 45 374
60 489 679 1358
64 994 567 186
64 693 420 400
2661 408 64 1020
321 1190 1005 47
64 502 711 796
44 1750 3614 2816
41 124 1044 376
22 168 808 558
1649 573 401 1617
1241 214 48 491
127 1141 1439 669
22 1209 92 41
647 64 1685 82
64 1191 2251 124
189 246 1479 985
171 124 92 529
2671 459 836 127
865 486 621 870
2020 23 550 1389
113 2250 124 1007
542 428 64 3
210 527 454 1607
264 128 60 542
44 623 1439 799
1955 590 41 1063
0 17 1393 1984
126 125 22 128
92 26 1352 586
939 60 563 2174
246 277 82 52
168 64 56 60
64 38 623 646
399 404 1326 64
641 240 713 518
661 41 3065 251
699 2494 474 124
839 800 420 698
221 1543 1730 23
64 471 22 1321
168 698 162 0
392 1501 14 48
3260 748 1710 92
2634 447 1925 669
19 128 1265 1218
1440 276 64 1264
128 2738 208 64
2408 394 1738 1172
887 345 1851 499
1730 143 1337 1382
64 737 166 392
1000 704 673 489
929 829 0 1856
419 60 420 640
259 5 321 48
305 381 64 1884
366 246 124 60
0 810 420 64
321 48 1301 151
113 1450 321 164
41 44 1371 128
2535 1245 5 810
272 168 2530 207
617 1295 2397 26
27 130 64 1190
26 218 614 288
41 23 2537 1208
171 26 118 1230
2705 505 113 1245
1108 482 246 1253
113 22 1267 128
315 482 2640 1808
27 38 2239 1221
746 128 168 1426
696 113 510 642
113 215 52 437
763 64 1046 154
183 64 426 1586
983 2017 1658 6
128 825 357 659
1685 810 128 1272
82 936 171 1385
389 520 127 1825
22 123 64 1932
1435 1466 288 246
1773 44 252 5
255 420 925 292
1420 350 117 669
128 2895 5 882
2817 23 1797 1603
1592 171 168 44
1689 2410 2150 198
125 1368 564 1234
817 1127 1387 207
22 153 486 2146
321 1001 1260 645
2971 866 64 2715
1033 1583 1629 1732
113 798 2000 84
0 392 1431 3688
669 1499 1454 2891
372 486 1135 673
1352 246 670 0
390 124 1074 21
434 171 486 420
60 1842 26 149
1881 472 127 124
127 632 1141 669
907 745 113 2091
44 1052 619 205
204 1022 0 420
79 1395 1095 264
41 1283 1509 851
3319 1628 2745 66
567 177 92 292
246 127 104 352
414 1726 1279 1998
1259 0 650 467
392 420 82 26
1973 2447 769 0
2727 1249 612 1797
434 145 1668 583
871 127 60 128
518 60 58 950
0 858 1155 2265
38 2164 1815 2643
660 741 127 1797
64 87 701 2255
1617 1158 171 1087
1064 205 434 291
1925 771 766 711
1963 1059 171 647
1600 2286 718 2262
1731 44 580 669
171 1063 308 26
92 1133 1999 657
788 486 1058 1340
38 1200 184 429
421 392 434 5
64 499 2508 799
171 198 479 5
1866 27 923 1081
155 1537 1051 153
4 5 134 113
2555 127 606 484
22 312 175 5
26 113 210 2366
1186 22 810 134
26 251 64 579
1002 668 41 748
669 734 113 127
1417 64 350 730
1722 124 2553 60
115 64 2370 0
57 191 26 489
82 27 148 486
1103 1106 22 127
123 1242 1303 947
64 27 593 1614
1343 799 754 487
209 127 1978 2276
189 171 1407 1442
1681 1603 1062 64
3121 118 2388 84
891 127 1984 3324
873 767 44 934
799 1830 311 1767
244 1528 392 186
26 852 3177 168
719 1612 120 1606
60 115 321 2982
64 1084 1339 463
2066 649 766 92
3322 2416 171 0
64 2510 1138 1185
23 1118 1689 41
1188 504 1430 23
26 41 194 124
52 669 2072 352
64 27 1431 2078
65 2438 188 44
32 1271 41 726
599 92 556 153
713 420 137 634
111 124 1090 5
1872 650 60 0
594 3429 23 1370
413 504 723 0
1156 890 268 568
3355 1240 48 1063
798 64 1340 213
486 115 766 1451
323 128 41 1092
