1	1
1	2
1	3
2	4
2	2
2	5
3	3
3	6
4	3
4	7
5	3
6	8
6	9
6	10
7	3
7	6
8	4
8	2
9	8
10	8
10	4
10	10
11	3
11	7
11	6
12	3
12	11
13	1
13	2
14	7
15	8
15	4
15	6
16	7
16	10
17	7
17	6
18	10
19	3
20	8
21	8
21	3
21	7
22	9
22	7
22	10
23	10
24	7
24	12
25	7
25	6
26	7
27	7
28	6
29	4
29	12
30	7
31	7
32	7
32	12
33	4
33	6
34	2
34	3
34	7
35	7
35	6
36	7
37	13
38	3
39	3
39	6
40	7
41	7
41	14
42	8
42	9
42	7
43	7
44	8
44	4
45	3
45	7
46	7
46	6
47	9
47	10
48	1
48	2
48	15
48	6
49	7
49	6
50	9
50	10
51	8
51	7
51	10
52	3
53	7
54	2
54	3
55	7
56	4
56	2
56	5
57	7
58	7
58	6
59	7
59	16
60	4
60	2
60	5
61	7
61	10
62	7
63	3
64	3
64	6
65	3
66	12
66	10
67	7
68	3
68	6
69	3
70	8
70	3
70	9
70	11
70	10
71	8
72	3
72	7
73	7
73	15
74	7
74	6
75	3
75	7
76	12
76	10
77	13
78	7
79	7
79	10
80	7
81	9
81	7
81	6
82	7
83	7
84	3
84	7
85	7
85	6
86	4
86	7
87	2
87	3
88	3
89	8
89	10
90	7
91	7
91	10
92	3
92	6
93	7
94	8
94	10
95	3
96	7
97	8
97	10
98	13
99	7
99	10
100	3
101	3
102	10
103	3
104	7
104	6
105	3
105	7
106	4
106	2
106	3
106	15
107	13
108	3
109	8
109	7
109	14
110	7
110	10
111	8
111	4
111	9
112	7
112	16
113	7
114	3
115	13
116	9
117	3
117	6
118	3
119	7
120	7
121	3
121	6
122	7
122	16
122	6
123	7
124	3
125	4
125	2
125	5
126	7
127	13
128	3
128	6
129	7
130	7
130	6
131	10
132	3
132	7
133	13
134	3
135	13
136	13
137	7
138	8
138	7
139	7
139	6
140	3
141	7
142	7
143	3
144	8
145	4
145	2
146	7
147	7
148	9
148	7
148	10
149	7
150	7
150	6
150	14
151	11
152	8
152	4
152	3
152	9
153	7
154	7
154	14
155	3
156	3
156	14
157	4
157	2
158	7
159	8
159	4
159	16
159	12
160	7
160	10
160	14
161	13
162	8
162	6
162	10
163	9
163	17
163	16
163	10
164	8
164	10
165	3
165	7
166	7
167	8
167	4
167	7
167	6
168	4
168	2
168	7
169	8
169	9
169	10
170	3
171	8
171	12
171	10
172	8
172	4
172	12
173	3
174	7
175	3
176	11
177	3
178	7
178	6
179	3
180	8
180	2
181	7
181	6
182	10
183	7
184	12
184	10
185	3
186	3
187	11
188	3
189	10
190	7
191	13
192	7
193	7
194	3
194	7
194	6
195	11
195	12
196	7
197	8
197	9
197	12
198	7
198	15
199	10
200	7
201	7
201	6
202	3
203	8
204	3
204	7
205	13
206	7
206	6
207	8
207	4
208	7
209	18
210	7
211	3
212	7
213	7
214	7
214	6
215	3
216	7
216	10
217	3
217	7
218	7
219	11
220	7
220	6
221	3
222	3
222	7
222	6
223	7
223	10
224	10
225	8
226	3
227	7
227	10
228	7
228	10
229	3
230	3
230	7
231	7
232	3
233	3
233	7
234	3
234	6
235	3
235	6
236	4
236	2
237	1
237	2
237	3
237	6
238	10
239	2
239	7
240	7
240	15
241	3
242	1
242	2
243	9
243	7
244	13
245	7
245	5
245	6
245	10
246	3
247	7
247	6
248	2
248	3
249	8
250	3
250	6
251	7
251	11
252	7
253	3
254	3
254	12
255	16
255	10
256	4
256	2
256	3
256	5
256	6
257	9
257	7
257	10
258	8
258	4
258	5
258	12
259	7
260	2
260	7
261	7
262	7
263	7
263	6
264	7
264	6
264	14
264	18
265	3
266	7
267	7
268	7
268	6
269	7
270	7
271	7
271	11
272	3
273	3
274	3
274	6
275	7
276	3
277	7
278	7
278	10
279	7
280	7
281	9
281	7
282	8
282	9
283	7
283	11
284	8
284	12
284	10
285	3
285	6
286	8
286	10
287	3
287	6
288	9
288	7
289	10
290	8
290	7
290	10
291	9
291	7
291	6
291	10
292	3
292	6
293	3
293	6
294	9
294	7
295	7
296	3
297	7
298	7
299	7
299	6
300	7
300	6
301	8
301	4
301	18
302	3
302	7
303	3
304	7
305	7
306	7
307	7
308	3
309	11
309	10
310	3
311	1
311	2
312	7
313	8
314	8
314	4
314	12
315	2
315	3
315	5
316	7
317	10
318	17
318	10
319	7
320	3
320	7
321	3
322	3
323	7
324	8
324	3
324	15
324	12
325	11
326	8
326	4
326	12
327	3
327	11
328	7
329	11
329	12
330	3
331	7
332	16
332	10
333	7
333	14
334	7
335	12
335	10
336	3
336	6
337	4
337	7
338	7
339	3
339	6
340	2
341	3
342	3
342	7
343	7
343	15
344	7
345	3
346	8
346	4
346	10
347	7
347	16
347	10
348	3
348	7
348	6
349	3
350	8
350	6
350	10
351	7
352	2
352	3
353	3
353	6
353	14
354	3
354	6
355	7
356	3
356	7
356	6
357	8
357	3
358	7
358	6
359	4
359	2
359	6
360	13
361	1
361	2
361	15
362	7
363	11
364	3
364	9
364	5
365	8
365	3
365	18
366	7
367	3
368	3
368	7
369	3
369	7
370	10
371	2
371	3
372	7
373	8
373	10
374	8
374	6
374	10
375	3
375	6
376	8
376	12
377	8
377	4
377	3
377	6
378	7
379	7
379	11
380	18
381	8
382	7
383	7
384	8
384	3
385	7
386	7
386	6
386	14
387	8
387	3
387	7
388	9
388	7
389	4
389	2
390	8
391	8
392	7
393	7
394	11
395	13
396	7
397	7
398	8
398	10
399	3
400	3
400	9
400	7
401	13
402	8
402	12
403	7
404	11
404	10
405	7
406	7
407	3
408	3
409	7
410	3
411	3
412	3
412	10
413	18
414	3
414	6
415	7
416	3
417	8
417	3
418	4
418	2
419	10
420	8
420	10
421	7
422	7
422	6
423	11
423	12
423	10
424	16
424	6
424	10
425	7
426	3
427	7
428	9
428	7
429	3
429	18
430	3
431	8
431	4
431	9
432	3
432	12
433	7
433	10
434	3
435	8
435	3
436	7
437	3
437	6
438	3
439	8
439	12
440	13
441	3
441	6
442	3
443	7
443	6
444	3
444	6
445	7
446	3
447	3
447	7
448	7
448	16
448	6
449	7
450	3
451	7
451	10
452	4
452	2
452	7
453	7
454	8
454	10
455	7
455	18
456	8
457	3
458	7
458	6
459	8
459	4
460	9
460	7
460	10
461	8
461	4
461	9
461	10
462	8
462	7
462	14
463	8
463	3
463	14
464	3
465	3
465	6
466	7
466	6
467	3
468	3
468	6
469	3
469	7
470	3
470	14
471	8
471	10
472	7
473	3
473	7
474	7
475	3
476	8
477	8
477	4
477	12
478	7
478	10
479	10
480	7
481	4
481	2
482	8
482	3
483	3
484	3
484	18
485	7
486	3
487	10
488	7
489	3
489	16
490	8
490	9
490	7
491	8
491	10
492	7
493	3
493	7
493	6
494	3
494	6
495	7
495	6
496	3
496	6
497	3
498	7
499	8
499	2
500	7
501	8
501	12
502	3
503	7
504	8
504	7
505	7
506	7
506	6
507	7
508	8
508	7
509	11
509	12
510	3
510	16
510	6
511	3
512	7
513	3
513	7
513	14
514	8
514	7
514	16
515	3
516	12
516	10
517	3
518	9
518	10
519	8
519	7
520	7
521	7
522	7
523	7
524	7
524	14
525	7
526	7
527	7
528	2
528	7
529	3
529	9
529	11
530	8
531	7
531	6
532	7
533	7
534	3
534	7
535	7
536	3
536	6
537	10
538	17
538	12
539	3
540	3
540	6
540	10
541	8
542	7
543	8
543	4
543	2
543	12
544	8
544	4
544	10
545	8
546	13
547	3
547	6
548	2
548	3
548	15
549	8
549	4
549	3
550	18
551	10
552	8
552	9
552	6
553	13
554	7
555	8
555	4
555	1
555	2
555	5
556	3
557	7
558	10
559	3
559	7
560	7
561	3
562	11
563	3
563	6
564	7
565	3
565	7
566	2
566	3
567	3
567	7
568	7
569	7
570	7
571	3
571	7
572	2
572	3
573	3
574	4
574	2
575	7
575	16
576	10
577	7
578	13
579	3
580	3
580	7
581	7
582	3
583	2
583	3
584	3
584	6
584	10
585	1
585	2
585	3
585	15
586	8
586	12
586	10
587	4
587	7
587	18
588	8
588	7
588	10
589	8
589	4
589	9
589	7
590	7
590	10
591	1
591	2
591	15
592	1
592	2
592	15
593	1
593	2
594	3
594	6
595	3
596	18
597	10
598	7
599	13
600	3
601	13
602	7
602	6
603	11
604	7
605	9
605	7
605	10
606	4
606	2
607	8
607	4
607	1
607	11
607	12
608	8
608	11
608	12
609	3
610	7
610	6
611	7
611	10
612	7
613	1
613	2
614	7
615	3
615	6
616	3
617	7
618	7
619	6
620	8
620	7
620	10
621	7
622	3
623	7
623	10
624	7
624	10
625	7
626	7
626	6
627	1
627	2
627	15
628	14
629	3
630	3
631	3
631	7
632	7
633	3
634	6
635	3
636	7
636	10
637	3
638	7
639	3
640	3
641	7
642	7
642	14
643	8
643	4
643	16
644	3
644	7
645	7
646	3
647	16
648	8
648	4
648	5
649	7
649	6
650	3
651	3
652	3
652	7
653	7
654	9
654	10
655	7
656	1
656	2
656	15
657	10
658	3
659	3
660	14
661	7
662	8
663	7
664	7
665	7
666	3
666	12
667	7
668	4
668	1
668	2
668	3
668	5
669	4
669	12
670	8
670	7
670	10
671	7
672	7
672	10
673	7
674	12
675	9
676	13
676	7
677	13
678	7
679	7
680	7
680	6
681	8
681	4
681	3
681	14
682	6
683	3
683	6
684	8
684	12
684	10
685	7
686	8
687	16
687	10
688	10
689	7
689	6
690	7
691	7
692	3
693	7
694	7
695	7
696	8
696	4
697	3
698	7
699	9
699	17
699	10
700	3
700	6
701	1
701	2
702	3
703	4
703	2
704	7
705	7
706	18
707	7
708	9
709	3
710	3
710	12
711	3
712	1
713	7
714	13
715	7
716	7
716	11
717	3
718	7
719	13
720	3
721	7
722	7
723	16
723	10
724	9
725	8
725	4
725	10
726	3
727	3
727	11
728	8
728	4
728	6
728	10
729	8
729	12
730	7
731	3
732	1
732	12
733	11
733	10
734	3
735	7
736	1
736	3
736	10
737	17
738	3
739	8
739	12
739	10
740	7
741	12
741	14
742	3
743	3
743	6
744	3
744	7
745	4
745	2
746	2
746	7
747	13
748	7
749	7
750	13
751	14
752	4
753	3
753	9
754	7
755	7
755	6
756	3
756	7
757	7
758	7
759	7
760	13
761	7
762	3
762	7
763	3
764	7
765	7
766	11
767	3
767	7
768	14
769	7
770	7
770	6
771	8
771	12
771	14
772	7
773	10
774	1
774	2
774	15
775	3
776	3
777	8
777	10
778	13
779	3
779	5
779	6
779	12
780	7
781	7
782	13
783	5
784	7
785	3
785	7
786	7
787	7
788	3
789	8
789	4
789	10
790	3
790	11
791	7
791	16
792	2
792	3
793	7
793	6
794	6
795	3
795	6
796	7
797	7
798	3
798	6
799	4
799	2
800	8
800	4
801	2
801	3
801	5
802	3
803	7
804	3
805	7
806	8
806	16
806	10
807	7
808	3
809	3
809	7
810	7
811	6
812	7
813	7
814	7
815	3
815	6
816	7
817	7
818	4
818	2
819	3
819	15
820	3
821	7
822	7
822	10
823	3
824	3
825	7
826	8
826	4
826	10
827	2
827	3
828	3
828	7
828	6
829	8
829	10
830	3
831	11
832	11
833	7
834	7
835	7
836	7
837	3
837	7
838	7
839	8
839	4
839	12
839	10
840	9
840	7
841	7
842	3
842	6
843	7
844	7
845	7
846	3
847	7
848	8
848	9
848	7
849	13
850	3
851	8
851	10
852	7
853	3
854	3
854	7
855	7
856	9
856	7
856	6
856	10
857	3
857	9
858	3
859	9
860	3
861	3
862	7
863	7
864	9
864	7
865	7
866	8
867	7
868	7
869	11
870	12
870	10
871	2
871	3
872	7
872	10
873	7
874	2
874	7
874	5
875	8
876	7
877	1
877	2
878	6
879	10
880	11
880	10
881	3
881	7
881	6
882	7
883	6
884	7
885	7
886	4
886	14
887	3
887	6
888	15
888	6
889	15
889	6
890	3
890	15
891	7
891	6
892	16
892	10
893	16
893	10
894	3
895	16
895	10
896	3
896	15
896	6
897	7
897	10
898	3
898	7
899	3
899	9
900	3
900	16
900	6
900	10
901	7
901	6
901	14
902	17
902	16
903	15
903	6
904	3
904	6
905	3
905	6
906	2
906	7
907	15
908	4
908	2
908	7
908	15
909	7
909	6
909	14
910	3
911	17
912	7
913	7
913	16
913	12
913	10
914	4
914	6
915	7
916	3
917	6
917	10
918	10
919	17
919	6
919	10
920	16
920	6
920	10
921	6
922	3
922	6
922	10
923	3
924	3
924	15
925	3
925	6
926	3
926	6
927	15
928	3
928	7
929	8
929	4
930	4
931	9
931	17
931	16
932	7
932	6
933	7
934	3
934	15
934	6
935	3
935	7
935	14
936	3
937	7
938	7
939	16
940	3
941	4
941	3
942	7
943	7
944	3
945	7
945	6
946	7
947	3
947	16
948	7
949	9
949	7
950	7
951	9
951	7
952	15
953	18
954	10
955	7
956	18
957	11
957	12
958	8
958	4
958	6
958	14
959	3
959	7
960	7
961	7
962	7
963	7
963	6
964	3
964	15
965	6
965	14
966	16
967	7
968	7
968	14
969	8
970	7
971	7
972	6
973	3
973	7
974	13
975	4
975	2
976	7
976	6
977	3
977	7
978	7
979	8
979	4
979	10
980	7
980	14
981	10
982	7
983	7
984	8
984	7
984	18
985	7
985	10
986	8
986	9
987	9
988	9
989	3
990	3
991	7
991	10
992	8
992	10
993	2
993	3
994	7
995	2
995	3
995	18
996	18
997	4
997	2
997	5
998	2
998	3
999	4
999	2
999	3
1000	2
1000	7
1001	2
1001	7
1002	2
1002	3
1002	7
1003	4
1003	2
1004	2
1004	3
1005	4
1005	2
1006	2
1006	3
1006	16
1007	4
1007	2
1007	5
1007	12
1008	3
1009	2
1009	3
1010	1
1010	2
1010	15
1011	1
1011	2
1012	1
1012	2
1012	15
1013	1
1013	2
1014	2
1014	7
1015	7
1016	2
1016	3
1016	15
1017	1
1017	2
1017	15
1018	4
1018	1
1018	2
1018	15
1019	4
1019	2
1019	15
1020	1
1020	2
1020	15
1021	1
1021	2
1022	9
1023	15
1024	8
1024	10
1025	8
1025	12
1025	10
1026	7
1027	13
1028	7
1029	7
1030	3
1031	7
1031	6
1032	7
1033	3
1033	7
1034	7
1034	6
1035	8
1035	10
1036	8
1036	4
1037	13
1037	7
1038	7
1039	7
1040	9
1040	7
1041	7
1042	10
1043	7
1044	3
1044	15
1044	6
1045	7
1046	7
1046	6
1047	3
1047	7
1048	9
1048	7
1049	7
1050	7
1051	1
1051	2
1051	3
1052	16
1053	3
1053	15
1053	6
1054	3
1054	15
1054	6
1055	9
1055	17
1056	17
1056	10
1057	4
1058	6
1058	14
1059	4
1059	2
1059	3
1059	5
1060	3
1061	10
1062	3
1062	12
1063	3
1063	14
1064	3
1065	3
1066	3
1066	15
1067	7
1068	3
1068	15
1069	9
1069	7
1070	4
1070	7
1071	16
1071	10
1072	15
1073	15
1073	6
1074	9
1074	10
1075	7
1075	14
1076	3
1077	16
1077	10
1078	7
1078	15
1079	7
1079	6
1079	14
1080	7
1081	7
1082	2
1082	7
1082	5
1082	12
1083	3
1084	7
1085	8
1085	6
1086	8
1086	6
1087	8
1088	7
1089	7
1090	11
1091	13
1092	3
1093	13
1094	7
1095	8
1096	13
1097	8
1097	7
1098	3
1099	7
1100	3
1100	7
1101	7
1102	7
1103	4
1103	18
1104	7
1105	7
1106	7
1107	13
1108	13
1109	7
1110	3
1111	3
1111	5
1112	8
1112	4
1112	12
1112	10
1113	11
1114	8
1114	4
1114	12
1114	10
1115	11
1116	7
1117	7
1118	3
1118	7
1119	8
1119	7
1120	3
1121	3
1122	6
1123	13
1124	7
1125	7
1126	7
1127	7
1128	3
1129	13
1130	13
1131	3
1131	7
1132	13
1133	1
1133	3
1134	13
1134	7
1135	7
1136	1
1136	3
1136	10
1137	9
1137	17
1137	10
1138	17
1139	17
1140	7
1141	7
1142	7
1143	3
1144	6
1145	3
1146	7
1147	3
1148	7
1149	7
1150	7
1150	10
1151	3
1152	3
1153	11
1154	13
1155	8
1156	3
1157	3
1157	7
1157	6
1158	7
1159	3
1160	3
1160	12
1161	7
1162	7
1163	7
1163	14
1164	9
1164	7
1164	17
1165	3
1166	8
1167	7
1167	6
1167	14
1168	3
1168	14
1169	7
1170	7
1171	7
1172	3
1172	6
1173	13
1174	7
1175	13
1176	13
1177	7
1178	3
1179	8
1179	4
1179	7
1179	12
1179	14
1180	8
1180	4
1180	3
1180	6
1181	8
1181	4
1182	12
1183	8
1183	12
1183	10
1183	14
1184	8
1184	18
1185	3
1186	7
1187	4
1187	14
1188	8
1188	1
1188	2
1188	12
1188	10
1188	14
1189	12
1190	7
1191	7
1191	14
1192	18
1193	8
1193	4
1193	6
1193	12
1193	14
1194	3
1194	7
1194	6
1195	16
1195	10
1196	9
1196	7
1197	8
1197	11
1197	12
1197	10
1198	8
1198	4
1198	3
1198	11
1198	12
1199	4
1199	6
1200	7
1200	14
1201	8
1201	10
1202	11
1202	10
1203	8
1203	3
1203	15
1204	8
1204	9
1204	7
1205	8
1205	7
1205	14
1206	1
1206	3
1207	7
1207	14
1208	7
1209	3
1209	6
1210	9
1210	7
1210	10
1211	7
1212	3
1212	6
1213	7
1214	16
1214	12
1215	8
1215	7
1215	14
1216	3
1216	9
1217	3
1218	3
1218	7
1219	7
1220	3
1221	8
1221	12
1221	10
1222	3
1222	11
1223	8
1223	7
1223	14
1224	3
1224	7
1225	3
1225	7
1225	6
1226	7
1227	7
1228	7
1228	6
1229	9
1229	17
1229	10
1230	10
1231	7
1231	14
1232	7
1233	17
1233	16
1233	10
1234	7
1234	12
1235	4
1236	3
1236	11
1237	3
1237	14
1238	3
1239	11
1240	4
1240	3
1240	7
1241	9
1241	17
1241	10
1242	8
1242	4
1242	3
1242	11
1243	4
1243	14
1244	7
1244	14
1245	8
1245	7
1245	16
1245	6
1245	10
1246	3
1246	6
1247	18
1248	17
1248	10
1249	7
1250	3
1250	16
1250	10
1251	3
1251	12
1252	7
1253	7
1253	14
1254	3
1254	7
1255	4
1255	1
1255	12
1255	10
1256	8
1256	4
1257	3
1257	7
1258	8
1258	7
1258	6
1259	3
1259	11
1260	3
1260	7
1261	7
1262	3
1263	1
1263	2
1263	15
1264	18
1265	17
1265	16
1266	3
1267	7
1267	6
1268	8
1268	4
1268	7
1269	3
1269	7
1269	15
1270	13
1270	14
1271	7
1271	6
1272	8
1272	4
1273	3
1274	7
1275	3
1275	14
1276	7
1277	7
1277	6
1278	3
1279	7
1279	15
1279	14
1280	7
1280	14
1281	7
1282	12
1283	7
1284	4
1285	8
1285	3
1285	18
1286	7
1287	7
1287	12
1288	3
1288	6
1289	3
1290	7
1290	6
1291	13
1292	3
1293	7
1294	9
1295	6
1296	13
1297	7
1298	3
1299	3
1299	7
1300	13
1301	8
1301	11
1301	12
1301	10
1302	11
1303	11
1304	11
1305	11
1306	11
1307	11
1308	11
1309	11
1310	11
1311	3
1311	11
1312	11
1313	11
1313	10
1314	11
1315	11
1315	12
1316	8
1316	11
1317	11
1318	11
1319	11
1319	6
1320	11
1321	11
1322	11
1323	10
1324	17
1324	10
1325	11
1326	11
1327	11
1328	11
1329	11
1330	11
1331	7
1332	9
1332	10
1333	3
1333	6
1334	7
1335	11
1335	10
1336	8
1336	4
1336	12
1337	7
1337	6
1338	7
1338	10
1339	4
1339	2
1339	3
1340	7
1341	13
1342	7
1343	7
1344	8
1345	7
1346	7
1347	2
1347	3
1348	7
1349	7
1349	10
1350	8
1350	10
1351	8
1351	4
1351	12
1352	8
1352	4
1352	12
1353	8
1353	4
1353	12
1354	8
1354	4
1354	12
1355	8
1355	4
1355	12
1356	8
1356	4
1356	12
1357	8
1357	4
1357	3
1357	9
1358	8
1358	3
1358	18
1359	8
1359	3
1359	18
1360	3
1360	15
1360	6
1361	3
1361	15
1361	6
1362	8
1362	7
1363	8
1363	12
1364	7
1365	8
1366	18
1367	8
1367	11
1368	8
1368	11
1369	8
1369	11
1370	3
1371	8
1371	3
1371	12
1371	14
1372	3
1372	7
1373	7
1373	6
1374	3
1375	3
1375	7
1376	9
1376	7
1376	12
1377	7
1378	6
1378	14
1379	7
1380	7
1381	7
1382	9
1382	7
1383	1
1383	3
1384	7
1385	11
1385	10
1386	8
1386	6
1386	14
1387	3
1387	6
1388	3
1388	7
1389	7
1390	7
1391	7
1392	3
1393	9
1393	7
1393	6
1394	7
1394	15
1395	7
1396	7
1397	13
1398	13
1399	16
1399	10
1400	7
1401	8
1402	3
1403	2
1404	10
1405	7
1406	8
1407	10
1408	8
1408	3
1409	8
1410	3
1410	11
1411	8
1412	3
1413	7
1414	8
1414	10
1415	3
1416	3
1417	3
1417	6
1418	7
1419	13
1420	3
1421	3
1421	14
1422	3
1423	9
1424	13
1425	3
1426	14
1427	3
1427	6
1428	3
1429	3
1429	6
1430	3
1431	3
1431	6
1432	6
1433	16
1433	10
1434	2
1434	3
1434	16
1435	3
1436	13
1437	3
1437	6
1438	16
1439	7
1440	9
1440	7
1441	3
1441	7
1442	3
1442	6
1443	13
1444	7
1445	9
1445	10
1446	8
1446	3
1446	9
1446	7
1447	2
1447	3
1448	6
1449	3
1449	7
1450	6
1451	8
1451	6
1451	10
1452	8
1452	7
1452	10
1453	3
1453	7
1454	7
1454	10
1455	16
1456	3
1457	7
1458	7
1458	15
1459	8
1459	7
1459	10
1459	14
1460	1
1460	2
1460	15
1461	3
1462	6
1463	3
1464	8
1464	4
1464	2
1465	7
1465	6
1466	8
1467	7
1467	6
1468	8
1468	4
1468	10
1469	3
1469	9
1470	9
1471	6
1472	3
1473	7
1474	7
1474	14
1475	7
1476	7
1477	7
1478	3
1479	3
1480	6
1481	7
1481	10
1482	3
1483	3
1484	8
1484	10
1485	7
1486	6
1487	7
1488	8
1488	9
1488	6
1489	7
1490	8
1490	4
1490	2
1490	5
1491	3
1492	8
1492	12
1493	3
1494	7
1495	7
1496	3
1497	7
1498	7
1499	7
1499	6
1500	3
1501	4
1501	2
1502	3
1502	9
1503	3
1503	6
1504	3
1504	7
1504	6
1505	7
1506	8
1506	4
1506	12
1506	10
1507	7
1508	3
1509	2
1509	7
1510	7
1511	7
1511	6
1512	3
1512	6
1513	4
1513	2
1513	7
1514	8
1514	4
1514	10
1515	3
1516	7
1516	6
1517	7
1518	8
1518	6
1518	10
1519	7
1520	3
1521	7
1522	3
1523	8
1523	4
1523	9
1524	7
1525	3
1525	6
1526	3
1526	10
1527	4
1527	1
1527	2
1527	3
1527	15
1528	7
1529	9
1529	7
1529	16
1530	3
1530	6
1531	12
1532	3
1532	6
1533	7
1534	8
1534	12
1534	10
1535	6
1536	7
1537	7
1538	9
1539	7
1540	8
1540	4
1540	3
1540	12
1541	3
1542	4
1542	2
1543	2
1543	5
1544	7
1544	12
1545	3
1546	8
1546	7
1546	14
1547	8
1547	4
1548	2
1548	3
1549	9
1549	7
1549	16
1550	8
1550	16
1550	12
1550	10
1551	8
1551	4
1551	12
1551	10
1552	2
1552	3
1553	3
1553	6
1554	7
1555	4
1555	2
1555	7
1556	7
1557	8
1557	16
1557	6
1557	10
1558	9
1558	7
1558	10
1559	8
1560	7
1560	6
1561	9
1561	7
1561	17
1562	3
1563	12
1563	10
1564	8
1564	3
1565	4
1565	6
1566	8
1566	4
1567	8
1567	10
1568	7
1569	8
1569	10
1570	7
1571	3
1572	7
1573	3
1574	4
1574	10
1575	8
1575	10
1575	14
1576	9
1576	17
1576	16
1576	10
1577	7
1577	14
1578	9
1578	7
1578	10
1579	7
1580	3
1580	7
1581	11
1582	7
1583	16
1583	10
1584	8
1584	7
1584	10
1585	8
1585	9
1585	16
1586	7
1587	3
1587	6
1588	3
1588	7
1589	10
1590	3
1590	6
1591	7
1592	7
1593	8
1593	10
1594	7
1594	6
1595	3
1596	3
1597	3
1597	7
1598	7
1598	6
1599	11
1599	16
1599	10
1600	9
1600	11
1600	16
1600	10
1601	3
1602	9
1602	10
1603	3
1603	7
1603	10
1604	13
1605	7
1606	7
1607	13
1608	7
1608	12
1608	10
1609	2
1609	7
1609	5
1610	11
1611	6
1612	13
1613	6
1613	10
1614	7
1615	7
1616	10
1617	9
1618	3
1619	7
1620	3
1621	6
1622	8
1622	7
1623	7
1624	6
1625	7
1625	14
1626	9
1627	7
1628	7
1629	7
1629	6
1629	10
1630	9
1630	10
1631	8
1631	4
1631	12
1631	14
1632	3
1633	7
1634	3
1635	7
1635	6
1636	8
1636	4
1637	7
1638	7
1638	6
1638	10
1639	6
1640	6
1641	9
1641	10
1642	8
1642	10
1643	1
1643	2
1643	15
1644	3
1644	16
1645	8
1645	11
1645	12
1646	11
1646	12
1647	7
1648	7
1649	7
1650	7
1650	14
1651	9
1652	3
1653	7
1654	3
1654	7
1655	2
1655	3
1655	5
1656	3
1657	7
1658	7
1659	7
1660	2
1660	3
1661	7
1662	10
1663	7
1664	3
1664	9
1664	7
1664	16
1665	2
1665	3
1666	6
1667	10
1668	7
1669	11
1669	10
1670	10
1671	7
1672	8
1672	4
1672	12
1673	7
1673	6
1674	8
1674	6
1674	10
1675	3
1675	7
1676	7
1677	7
1678	7
1679	7
1680	7
1681	9
1681	7
1682	7
1683	3
1684	3
1684	9
1684	16
1684	10
1685	7
1685	6
1686	3
1686	7
1687	7
1687	6
1688	3
1689	8
1689	2
1690	8
1690	7
1691	7
1692	9
1693	13
1694	8
1694	4
1694	10
1695	3
1696	3
1696	7
1697	17
1697	12
1697	10
1698	6
1699	4
1699	2
1699	5
1699	12
1700	8
1700	10
1701	3
1702	8
1702	16
1702	10
1703	6
1704	11
1705	7
1706	7
1707	7
1708	3
1708	15
1709	8
1709	11
1709	12
1710	3
1710	10
1711	9
1711	7
1712	7
1712	6
1713	7
1714	8
1714	10
1715	6
1715	10
1716	11
1717	8
1717	3
1717	15
1718	8
1718	7
1719	3
1719	7
1720	7
1721	3
1721	6
1722	4
1722	12
1722	10
1723	13
1724	7
1725	3
1725	6
1726	17
1726	16
1726	10
1727	3
1727	7
1728	8
1728	9
1729	13
1730	8
1730	7
1731	7
1732	9
1732	7
1733	8
1733	10
1734	3
1735	3
1735	7
1736	7
1737	8
1737	7
1738	13
1739	10
1740	9
1740	7
1741	8
1741	7
1741	6
1742	9
1742	7
1743	9
1743	7
1743	16
1743	10
1744	4
1744	2
1744	3
1745	7
1746	3
1746	9
1746	7
1747	7
1748	7
1749	2
1749	3
1749	7
1750	7
1751	7
1752	3
1752	7
1753	3
1753	7
1753	6
1754	7
1755	7
1756	3
1756	6
1757	2
1757	3
1758	3
1758	10
1759	8
1759	7
1760	4
1760	2
1761	3
1761	13
1762	7
1762	6
1763	3
1764	8
1764	12
1764	10
1765	8
1765	7
1766	8
1766	7
1766	10
1767	7
1767	10
1768	6
1769	7
1770	3
1771	3
1772	7
1773	7
1773	10
1774	9
1774	7
1775	2
1775	3
1776	7
1777	3
1777	10
1778	7
1779	7
1779	10
1780	4
1780	2
1780	3
1780	5
1781	4
1782	7
1782	6
1783	7
1783	6
1784	7
1784	10
1785	3
1786	3
1786	6
1787	3
1788	13
1788	15
1789	3
1790	8
1790	3
1791	7
1792	7
1793	3
1793	10
1794	11
1794	12
1795	3
1796	3
1797	13
1798	8
1798	3
1799	8
1799	4
1800	7
1800	14
1801	8
1801	10
1802	3
1802	7
1803	3
1803	7
1804	7
1805	7
1806	3
1806	6
1807	3
1808	8
1808	7
1808	12
1808	10
1809	7
1810	3
1810	6
1811	7
1812	7
1813	4
1813	1
1813	2
1813	5
1814	8
1814	12
1815	3
1816	3
1816	7
1817	3
1817	7
1818	3
1819	4
1819	3
1820	3
1820	7
1820	6
1821	10
1822	7
1823	11
1823	10
1824	16
1824	10
1825	7
1826	4
1826	3
1826	6
1827	3
1827	7
1827	6
1828	3
1829	7
1829	6
1830	7
1830	14
1831	4
1831	7
1832	7
1833	13
1834	7
1834	6
1835	3
1836	3
1836	7
1837	7
1838	3
1838	6
1839	1
1839	2
1840	7
1840	10
1841	16
1841	12
1841	10
1842	8
1842	3
1842	9
1843	3
1844	8
1844	9
1844	6
1845	7
1845	16
1846	3
1846	7
1847	7
1848	8
1848	3
1848	7
1849	8
1849	4
1849	12
1849	10
1850	8
1850	3
1850	9
1850	7
1851	2
1851	3
1852	1
1852	2
1852	5
1852	14
1853	12
1853	10
1854	7
1855	3
1856	11
1856	12
1857	7
1857	6
1857	14
1858	15
1859	14
1860	18
1861	7
1862	7
1863	4
1864	15
1865	7
1866	3
1867	7
1868	7
1868	14
1869	3
1870	7
1871	7
1871	14
1872	7
1873	7
1874	7
1875	7
1876	7
1876	6
1876	14
1877	9
1877	7
1878	7
1878	6
1879	15
1879	6
1880	3
1881	7
1882	7
1882	16
1883	15
1884	7
1885	8
1885	9
1885	7
1885	10
1886	8
1886	7
1887	7
1888	7
1889	7
1890	3
1890	7
1891	7
1891	6
1892	7
1892	14
1893	7
1894	7
1895	3
1896	7
1896	16
1897	3
1897	12
1898	3
1899	4
1899	2
1899	5
1900	3
1900	7
1901	11
1902	11
1903	11
1904	11
1905	11
1906	11
1907	11
1908	11
1909	11
1910	11
1911	11
1912	11
1913	11
1914	11
1915	11
1916	11
1917	11
1918	11
1919	11
1920	11
1921	11
1922	11
1923	11
1924	11
1925	11
1926	11
1926	10
1927	11
1927	10
1928	11
1928	10
1929	11
1930	11
1931	11
1932	8
1932	3
1932	9
1932	7
1933	8
1933	3
1933	9
1933	7
1934	8
1934	3
1934	9
1934	7
1935	3
1935	11
1936	3
1936	11
1937	4
1937	2
1937	5
1938	8
1938	4
1938	6
1939	3
1940	9
1940	7
1940	17
1941	12
1941	10
1942	12
1943	3
1943	12
1944	3
1944	12
1944	18
1945	8
1945	4
1946	2
1946	3
1947	2
1947	3
1947	5
1948	2
1948	3
1948	18
1949	2
1949	5
1949	15
1950	1
1950	2
1951	8
1951	7
1952	7
1952	6
1953	5
1953	12
1954	7
1955	8
1955	9
1955	7
1956	7
1956	16
1957	7
1957	6
1958	11
1958	10
1959	3
1959	9
1960	8
1960	7
1960	14
1961	3
1961	6
1962	7
1963	2
1963	3
1964	2
1964	3
1965	1
1965	2
1966	12
1967	2
1967	3
1968	2
1968	3
1969	4
1969	2
1969	3
1970	2
1970	3
1970	12
1971	4
1971	2
1972	2
1972	3
1973	8
1973	4
1973	2
1973	3
1974	2
1974	3
1975	4
1975	2
1975	5
1976	3
1977	4
1977	2
1977	7
1977	6
1978	4
1978	2
1978	12
1979	2
1980	1
1980	2
1981	3
1981	15
1982	4
1982	2
1982	3
1983	4
1983	2
1983	3
1984	2
1984	3
1985	2
1985	3
1985	12
1986	4
1986	2
1986	3
1986	5
1986	12
1987	3
1987	18
1988	4
1988	2
1989	4
1989	2
1990	8
1990	10
1991	2
1991	7
1992	3
1993	13
1994	7
1994	6
1995	7
1995	6
1996	3
1996	13
1997	3
1997	7
1997	6
1998	17
1999	7
1999	6
1999	14
2000	7
2001	7
2002	7
2003	7
2004	3
2005	3
2006	7
2007	7
2007	14
2008	7
2008	16
2009	4
2009	2
2010	1
2010	2
2010	3
2010	15
2011	2
2011	7
2012	1
2012	2
2012	3
2012	15
2012	6
2013	1
2013	2
2013	3
2013	15
2013	6
2014	2
2014	3
2015	2
2015	15
2016	2
2016	15
2017	1
2017	2
2018	7
2018	5
2019	1
2019	2
2019	5
2019	15
2020	4
2020	3
2020	15
2021	1
2021	2
2022	1
2022	2
2023	2
2023	12
2024	1
2024	2
2024	15
2025	4
2025	2
2025	5
2025	12
2026	8
2026	4
2026	12
2027	2
2027	3
2028	1
2028	2
2028	15
2029	2
2029	11
2030	2
2030	3
2031	4
2031	1
2031	2
2031	15
2032	3
2032	5
2032	6
2033	4
2033	7
2034	1
2034	2
2034	3
2034	15
2035	4
2035	2
2036	7
2037	8
2037	4
2037	5
2037	12
2038	7
2038	14
2039	11
2039	10
2040	3
2040	6
2041	3
2042	3
2042	9
2042	10
2043	3
2044	9
2044	7
2045	11
2045	10
2046	7
2047	8
2047	4
2048	4
2048	1
2048	2
2048	12
2049	7
2049	12
2050	11
2050	10
2051	11
2052	7
2052	11
2053	11
2053	10
2054	11
2054	10
2055	1
2055	2
2056	3
2057	7
2057	6
2058	8
2058	9
2058	16
2058	10
2059	7
2059	6
2060	3
2061	13
2062	9
2062	7
2062	6
2063	7
2064	7
2065	4
2065	3
2066	3
2067	4
2067	15
2068	3
2069	1
2069	2
2070	1
2070	2
2070	7
2070	5
2071	1
2071	2
2072	2
2072	5
2072	12
2073	1
2073	2
2073	3
2074	1
2074	2
2074	3
2075	4
2075	5
2075	6
2076	3
2077	3
2077	7
2077	6
2078	7
2078	6
2079	7
2080	3
2080	11
2081	3
2081	11
2082	3
2083	3
2084	2
2084	3
2085	8
2085	4
2086	7
2086	6
2087	3
2088	3
2088	7
2089	6
2090	9
2090	11
2091	9
2091	11
2092	11
2092	10
2093	4
2093	2
2093	5
2094	4
2094	2
2094	5
2095	3
2095	11
2096	7
2097	7
2098	7
2098	6
2099	8
2099	4
2099	11
2100	7
2100	6
2101	3
2102	8
2102	3
2103	3
2103	7
2103	6
2104	3
2105	4
2105	5
2105	12
2106	3
2106	5
2107	7
2107	6
2108	10
2109	3
2109	10
2110	10
2111	10
2112	10
2113	10
2114	7
2114	17
2114	10
2115	10
2116	16
2116	10
2117	10
2118	17
2118	10
2119	16
2119	10
2120	7
2121	1
2122	7
2123	3
2124	7
2125	8
2125	4
2125	5
2126	8
2126	9
2126	7
2127	3
2128	8
2129	7
2130	13
2131	9
2131	7
2132	7
2133	7
2134	7
2134	10
2134	14
2135	17
2135	10
2136	10
2137	3
2138	16
2138	10
2139	7
2140	3
2140	16
2140	6
2140	10
2141	9
2141	10
2142	10
2143	10
2144	10
2145	3
2145	15
2146	10
2147	3
2147	6
2148	7
2149	3
2149	15
2150	7
2151	16
2151	10
2152	7
2153	10
2154	3
2155	3
2156	7
2157	7
2158	7
2159	10
2160	7
2161	7
2162	3
2163	9
2163	7
2164	12
2164	10
2165	7
2166	7
2167	7
2167	14
2168	7
2169	7
2170	3
2170	7
2171	3
2171	7
2172	7
2173	3
2174	7
2175	3
2175	7
2175	6
2176	3
2176	6
2177	3
2177	7
2178	3
2179	3
2180	3
2180	7
2180	6
2181	3
2182	7
2183	3
2184	3
2184	7
2185	8
2185	3
2185	5
2186	7
2187	3
2188	11
2188	12
2189	3
2189	6
2190	8
2191	3
2191	6
2192	8
2192	9
2193	3
2194	3
2194	7
2194	6
2195	10
2196	7
2197	4
2197	3
2198	3
2198	6
2199	16
2199	10
2200	9
2200	7
2201	7
2202	13
2203	7
2204	7
2205	8
2205	10
2206	7
2207	8
2207	4
2207	12
2208	7
2209	7
2210	8
2210	9
2210	10
2211	11
2211	10
2212	9
2213	9
2214	3
2214	7
2215	7
2216	7
2217	7
2218	3
2219	12
2219	10
2219	14
2220	8
2220	11
2220	12
2220	10
2221	3
2221	7
2222	3
2222	7
2223	7
2223	6
2224	6
2225	7
2226	1
2226	2
2227	3
2228	3
2229	7
2229	6
2230	10
2231	3
2232	3
2232	15
2233	3
2234	3
2235	7
2235	15
2236	7
2237	7
2238	3
2239	8
2239	7
2240	8
2240	9
2241	7
2242	7
2243	16
2243	12
2244	7
2245	7
2246	7
2247	11
2247	10
2248	7
2248	6
2249	3
2250	3
2251	3
2252	7
2252	10
2253	3
2254	8
2254	4
2254	12
2254	10
2254	14
2255	13
2256	3
2256	7
2257	3
2258	7
2258	10
2259	11
2260	11
2261	7
2262	13
2263	3
2263	6
2264	9
2264	7
2265	7
2266	8
2266	10
2267	3
2268	7
2269	7
2270	11
2270	16
2270	10
2271	3
2271	6
2272	6
2273	7
2274	3
2275	7
2276	8
2276	4
2276	7
2276	10
2277	7
2278	12
2278	10
2279	8
2280	7
2281	3
2281	10
2282	3
2283	7
2284	3
2284	7
2285	8
2285	10
2286	1
2286	2
2286	3
2287	1
2287	2
2287	3
2288	3
2289	7
2290	7
2291	3
2292	7
2293	3
2294	7
2295	8
2295	12
2296	8
2296	12
2297	8
2297	12
2298	8
2298	4
2298	11
2299	8
2299	4
2299	11
2300	8
2300	4
2300	11
2301	3
2301	6
2302	8
2302	4
2302	7
2303	3
2304	3
2305	8
2305	4
2306	3
2306	7
2307	3
2308	8
2309	11
2309	12
2310	3
2311	3
2312	3
2313	3
2314	3
2315	3
2316	2
2316	3
2317	3
2317	6
2318	7
2319	3
2319	9
2320	7
2320	6
2321	9
2321	11
2321	10
2322	3
2323	9
2323	10
2324	3
2324	7
2325	8
2325	12
2326	1
2326	15
2327	3
2328	3
2328	6
2329	7
2330	7
2331	4
2331	2
2331	5
2332	2
2332	7
2333	18
2334	8
2334	14
2335	8
2336	8
2336	14
2337	8
2337	4
2337	3
2337	6
2338	8
2338	4
2338	3
2338	6
2339	3
2339	12
2340	3
2340	12
2341	8
2341	7
2342	8
2342	7
2343	8
2343	7
2344	8
2344	7
2345	3
2345	16
2346	8
2346	4
2346	16
2347	7
2347	6
2348	3
2349	3
2349	7
2350	3
2351	7
2351	10
2352	7
2353	8
2353	4
2353	7
2354	8
2354	4
2354	7
2355	3
2356	3
2356	6
2357	9
2358	3
2358	7
2358	6
2359	8
2359	7
2359	14
2360	11
2360	12
2361	4
2361	2
2361	7
2362	4
2362	2
2362	7
2363	3
2363	7
2364	7
2365	7
2366	7
2367	7
2368	3
2369	7
2370	7
2370	10
2371	7
2372	7
2373	7
2373	18
2374	7
2375	7
2375	6
2376	3
2376	7
2377	7
2378	10
2379	3
2379	7
2380	11
2380	12
2381	4
2381	2
2382	4
2382	2
2382	12
2383	11
2384	11
2385	7
2385	5
2386	11
2386	12
2387	11
2387	12
2388	11
2388	12
2389	8
2389	3
2390	3
2390	9
2391	11
2392	11
2393	11
2394	11
2395	3
2396	11
2397	11
2398	7
2399	16
2400	8
2400	3
2400	6
2400	10
2401	3
2401	6
2402	4
2402	3
2403	4
2403	3
2404	3
2405	3
2406	7
2407	8
2407	16
2407	10
2408	8
2408	14
2409	4
2410	3
2410	18
2411	7
2411	10
2412	7
2413	7
2413	6
2414	3
2414	6
2415	3
2415	11
2415	10
2416	3
2417	3
2417	6
2418	7
2419	8
2419	3
2420	7
2420	11
2420	10
2421	7
2422	8
2422	10
2423	3
2423	6
2424	3
2425	7
2426	13
2427	1
2427	12
2428	3
2428	6
2429	6
2430	3
2430	12
2431	3
2432	3
2433	7
2434	3
2434	6
2435	7
2436	3
2436	7
2437	10
2438	3
2438	7
2438	6
2439	3
2440	7
2441	3
2442	3
2442	6
2443	9
2444	7
2445	11
2446	11
2447	11
2448	11
2449	11
2450	3
2451	11
2452	7
2453	7
2454	7
2455	7
2455	10
2456	8
2456	7
2457	8
2457	11
2457	12
2458	12
2459	8
2459	12
2459	10
2459	18
2460	8
2460	4
2460	12
2461	8
2461	12
2462	8
2462	12
2463	8
2463	12
2464	8
2464	12
2465	8
2465	12
2466	8
2467	8
2468	7
2469	4
2470	13
2471	3
2472	8
2472	9
2472	7
2472	10
2473	7
2474	3
2474	9
2474	10
2475	3
2476	7
2477	3
2478	7
2479	7
2480	11
2481	8
2481	12
2482	11
2482	10
2483	7
2483	10
2484	3
2485	11
2485	12
2485	10
2486	11
2486	12
2486	10
2487	3
2488	3
2488	7
2488	6
2489	7
2490	3
2490	6
2491	1
2491	2
2492	7
2492	11
2493	9
2493	10
2494	7
2495	7
2496	7
2497	15
2498	1
2498	2
2499	3
2500	8
2500	9
2501	7
2501	6
2502	7
2502	6
2503	8
2503	12
2503	10
2504	3
2504	6
2505	7
2506	3
2507	7
2508	7
2509	3
2509	7
2510	12
2511	7
2512	9
2513	3
2513	6
2514	8
2514	3
2515	16
2516	3
2517	7
2517	6
2518	3
2518	9
2518	10
2519	3
2520	7
2521	3
2521	7
2521	6
2522	7
2523	3
2523	6
2524	7
2525	3
2526	7
2526	6
2526	12
2527	13
2528	3
2528	7
2529	3
2529	6
2530	3
2531	3
2532	8
2532	12
2532	10
2533	3
2534	4
2534	12
2535	7
2536	13
2537	9
2537	10
2538	3
2538	11
2539	7
2540	10
2541	7
2542	7
2543	7
2544	7
2545	8
2545	11
2545	12
2546	8
2546	11
2546	12
2547	4
2547	12
2548	8
2548	9
2549	8
2549	4
2549	11
2549	10
2550	3
2551	7
2552	7
2552	6
2553	7
2553	6
2554	3
2554	5
2555	3
2556	7
2557	8
2558	3
2558	7
2558	6
2559	13
2559	7
2560	8
2560	4
2560	5
2560	12
2561	3
2561	6
2562	7
2563	3
2563	17
2563	10
2564	7
2565	11
2565	6
2566	11
2567	11
2568	11
2569	11
2570	11
2571	7
2572	8
2572	4
2572	12
2573	8
2573	4
2573	12
2574	8
2574	4
2574	12
2575	8
2575	4
2575	12
2576	11
2577	11
2578	11
2579	11
2580	11
2581	11
2582	11
2583	11
2584	11
2585	11
2586	11
2587	11
2588	11
2588	12
2589	3
2589	11
2589	15
2589	12
2590	12
2591	3
2591	13
2592	12
2593	12
2594	8
2594	12
2594	14
2595	12
2596	11
2596	12
2597	12
2598	12
2599	12
2600	11
2600	12
2601	14
2602	14
2603	3
2603	6
2604	7
2604	12
2604	10
2605	7
2606	7
2607	3
2607	7
2607	6
2608	7
2608	10
2609	13
2610	7
2611	7
2611	6
2612	7
2613	3
2613	6
2613	12
2614	7
2615	3
2616	3
2616	7
2617	3
2617	7
2618	7
2618	16
2619	1
2619	2
2620	7
2620	10
2621	13
2622	3
2623	7
2624	8
2624	9
2624	6
2625	13
2626	3
2627	7
2628	3
2629	3
2629	7
2629	6
2630	12
2631	8
2631	3
2631	12
2631	10
2632	1
2632	3
2633	8
2633	12
2633	18
2634	7
2635	7
2636	7
2636	6
2637	7
2638	3
2639	10
2640	6
2641	2
2641	3
2642	11
2643	7
2644	7
2645	11
2645	10
2646	7
2647	3
2647	6
2648	3
2648	11
2649	3
2649	11
2650	3
2651	11
2651	10
2652	8
2652	4
2652	2
2652	3
2653	6
2654	8
2654	12
2654	10
2655	8
2655	4
2655	3
2656	3
2656	6
2657	7
2658	9
2658	17
2659	17
2660	7
2661	7
2662	7
2663	7
2664	7
2665	4
2665	3
2666	7
2667	8
2667	4
2667	3
2668	3
2669	8
2670	3
2670	7
2671	7
2672	11
2673	8
2673	10
2674	3
2674	7
2675	7
2676	7
2677	7
2678	3
2678	11
2678	15
2679	3
2679	11
2680	8
2680	4
2681	7
2681	16
2682	3
2682	7
2683	3
2684	3
2684	16
2685	10
2686	11
2687	7
2688	8
2689	7
2690	7
2691	3
2692	7
2693	1
2693	2
2694	10
2695	8
2695	10
2696	9
2696	7
2696	10
2697	3
2697	7
2698	3
2698	7
2699	3
2700	3
2701	9
2701	16
2702	3
2703	7
2704	3
2705	7
2706	3
2706	6
2707	7
2708	13
2709	7
2710	10
2711	3
2712	3
2712	11
2713	11
2714	11
2715	11
2716	11
2717	11
2718	3
2719	11
2720	3
2721	11
2722	11
2723	3
2724	3
2725	3
2725	11
2726	3
2727	3
2728	3
2729	3
2729	5
2730	3
2731	3
2732	1
2732	2
2733	7
2733	6
2734	8
2734	6
2734	10
2735	10
2736	3
2736	7
2737	3
2737	6
2738	3
2738	10
2739	8
2739	12
2740	8
2740	12
2741	3
2742	1
2742	16
2743	3
2744	8
2744	10
2745	13
2746	11
2747	8
2747	14
2748	8
2748	14
2749	8
2749	14
2750	8
2750	14
2751	10
2752	7
2753	4
2753	7
2754	4
2754	6
2755	8
2755	7
2756	13
2757	7
2758	8
2758	11
2758	10
2759	12
2759	10
2760	2
2760	3
2761	3
2761	7
2762	7
2763	7
2764	7
2765	6
2765	14
2766	3
2766	6
2767	8
2767	10
2768	3
2769	3
2769	6
2770	3
2771	7
2772	10
2773	10
2774	9
2774	7
2775	3
2775	6
2776	7
2776	16
2777	7
2778	2
2779	7
2780	7
2781	3
2781	7
2782	7
2782	10
2783	4
2783	12
2783	10
2784	7
2785	11
2786	11
2787	11
2788	10
2789	1
2789	15
2790	3
2790	7
2791	13
2792	3
2793	3
2793	7
2794	7
2795	3
2795	15
2796	3
2797	3
2798	7
2799	3
2799	11
2800	11
2801	7
2802	3
2803	4
2803	10
2804	8
2804	7
2804	5
2804	6
2805	7
2805	16
2805	6
2806	3
2807	7
2807	16
2807	6
2808	1
2808	2
2809	7
2809	15
2810	11
2811	8
2811	4
2811	3
2812	8
2812	4
2812	3
2813	8
2813	10
2814	7
2815	3
2816	3
2816	6
2817	7
2817	6
2818	2
2818	3
2819	7
2820	3
2820	6
2821	3
2822	7
2822	14
2823	3
2824	8
2824	7
2825	8
2825	7
2826	7
2826	6
2827	4
2828	18
2829	3
2829	14
2830	11
2830	16
2831	4
2831	1
2831	2
2832	11
2832	12
2833	11
2833	12
2834	11
2834	10
2835	11
2835	10
2836	7
2837	8
2837	4
2838	7
2838	6
2839	3
2840	7
2841	13
2842	7
2842	6
2843	7
2844	8
2844	9
2844	7
2845	3
2846	3
2846	7
2847	3
2848	8
2848	4
2848	12
2848	10
2849	9
2849	10
2850	3
2851	7
2851	6
2852	7
2852	6
2853	18
2854	18
2855	3
2856	8
2856	3
2857	7
2858	3
2858	7
2859	7
2859	6
2860	7
2861	7
2862	13
2863	7
2864	7
2865	7
2866	15
2867	3
2867	6
2868	3
2869	3
2870	7
2871	7
2871	10
2872	17
2873	15
2873	6
2873	14
2874	7
2874	6
2875	7
2875	6
2876	8
2876	14
2877	16
2878	3
2878	15
2879	8
2880	8
2881	8
2882	4
2882	7
2882	6
2883	8
2883	18
2884	9
2884	10
2885	2
2885	3
2886	7
2887	7
2888	8
2888	9
2888	10
2889	7
2890	7
2891	7
2892	7
2893	3
2893	7
2894	3
2894	6
2895	9
2895	7
2896	7
2897	8
2898	7
2899	7
2899	10
2900	4
2900	5
2900	12
2901	7
2901	6
2902	4
2902	7
2903	15
2904	7
2904	14
2905	3
2906	11
2906	10
2907	7
2908	7
2908	11
2909	3
2909	7
2910	3
2910	6
2911	7
2912	7
2913	13
2914	11
2914	10
2915	10
2916	13
2917	8
2917	9
2917	12
2918	8
2918	9
2918	12
2919	4
2919	1
2919	17
2920	7
2921	8
2922	8
2923	8
2924	11
2924	10
2925	8
2926	7
2927	11
2928	7
2929	3
2930	6
2931	3
2932	8
2932	4
2932	1
2933	7
2934	13
2935	3
2935	7
2936	3
2936	6
2937	10
2938	7
2939	13
2940	10
2941	7
2942	7
2943	7
2944	3
2945	3
2945	11
2946	3
2947	10
2948	11
2949	11
2950	11
2951	9
2951	7
2952	8
2952	7
2953	11
2954	3
2955	3
2955	6
2956	11
2956	12
2957	18
2958	11
2959	11
2960	3
2961	8
2961	7
2962	3
2962	7
2962	18
2963	3
2964	12
2965	3
2965	12
2966	1
2966	2
2967	3
2967	7
2967	14
2968	4
2969	3
2969	7
2969	18
2970	7
2971	3
2972	3
2973	3
2974	3
2975	3
2976	16
2976	6
2976	10
2977	3
2977	7
2978	3
2978	6
2979	7
2980	3
2981	3
2981	14
2982	7
2983	7
2984	3
2985	7
2985	14
2986	1
2986	2
2987	10
2988	10
2989	3
2990	11
2990	12
2991	7
2992	3
2992	7
2993	3
2993	15
2994	8
2994	7
2994	14
2995	10
2996	10
2997	7
2998	14
2999	3
2999	7
3000	7
3001	7
3002	4
3002	3
3002	12
3003	7
3004	3
3005	7
3005	6
3006	18
3007	10
3008	3
3009	13
3010	7
3011	7
3012	7
3012	12
3013	11
3013	6
3014	8
3014	10
3015	3
3015	7
3016	13
3017	11
3018	3
3019	3
3020	3
3021	7
3022	7
3023	7
3023	14
3024	7
3025	7
3025	18
3026	7
3026	6
3027	7
3028	3
3029	3
3029	6
3030	7
3031	3
3031	6
3032	7
3033	10
3034	10
3035	7
3035	6
3036	8
3036	4
3036	3
3036	9
3037	7
3038	7
3038	6
3039	8
3039	7
3040	3
3040	7
3040	6
3041	7
3042	7
3043	7
3044	7
3045	8
3045	10
3046	1
3046	2
3046	3
3047	7
3048	7
3049	7
3049	6
3049	14
3050	7
3051	11
3052	3
3053	17
3054	7
3054	6
3054	18
3055	3
3056	3
3056	7
3057	7
3058	7
3059	7
3060	7
3061	3
3061	7
3062	3
3063	3
3064	3
3065	3
3066	7
3066	14
3067	7
3068	13
3069	8
3069	14
3070	7
3071	8
3071	4
3072	3
3073	7
3074	13
3074	15
3075	7
3075	14
3076	3
3076	6
3077	7
3078	3
3079	7
3079	10
3080	7
3081	16
3082	7
3083	9
3083	7
3083	16
3084	7
3085	8
3085	4
3085	5
3086	7
3086	14
3087	7
3087	6
3088	3
3088	7
3088	12
3089	2
3089	3
3090	7
3091	1
3091	2
3091	15
3092	7
3093	7
3094	3
3094	7
3095	7
3096	7
3097	8
3097	7
3098	4
3099	7
3100	4
3100	7
3101	7
3102	18
3103	7
3104	4
3105	7
3106	3
3106	7
3107	4
3107	3
3107	12
3108	7
3108	16
3108	10
3109	3
3110	7
3111	7
3112	3
3112	7
3113	7
3114	13
3115	7
3116	8
3116	3
3116	9
3116	7
3117	7
3118	7
3119	7
3120	13
3121	3
3122	4
3122	12
3123	7
3124	7
3125	13
3126	7
3127	7
3128	7
3128	14
3129	8
3130	7
3131	3
3131	15
3131	6
3132	3
3132	7
3133	7
3134	7
3135	10
3136	10
3137	11
3138	6
3139	4
3140	8
3140	3
3141	7
3142	3
3143	7
3144	7
3145	1
3145	2
3146	7
3147	7
3148	11
3149	7
3150	7
3151	10
3152	7
3153	7
3154	7
3155	7
3156	7
3157	3
3157	6
3158	13
3159	3
3159	7
3159	10
3160	3
3161	9
3161	7
3162	10
3163	3
3164	3
3165	3
3166	3
3167	3
3168	18
3169	13
3170	10
3171	3
3172	3
3173	3
3174	3
3175	3
3176	3
3176	6
3177	7
3178	7
3179	3
3179	9
3180	3
3181	10
3182	7
3183	7
3183	16
3184	7
3185	3
3186	3
3187	3
3187	7
3188	8
3188	10
3189	8
3189	7
3189	6
3189	10
3190	3
3191	7
3191	6
3192	7
3193	3
3193	7
3193	6
3194	7
3194	16
3195	3
3196	3
3196	11
3197	8
3197	9
3198	8
3198	3
3198	9
3198	7
3199	8
3199	10
3200	8
3200	3
3201	4
3201	6
3201	12
3202	7
3203	7
3204	9
3204	7
3205	11
3205	16
3205	10
3206	8
3207	8
3207	3
3208	3
3209	7
3210	13
3211	8
3211	4
3212	11
3213	13
3214	3
3215	8
3216	3
3216	6
3217	4
3217	7
3218	3
3219	1
3219	2
3220	7
3221	7
3222	3
3223	10
3224	17
3225	7
3225	12
3226	11
3227	7
3228	7
3229	13
3230	7
3231	3
3231	7
3232	8
3232	12
3233	3
3233	9
3234	3
3235	13
3236	9
3236	7
3237	17
3237	11
3238	3
3239	3
3239	7
3239	6
3240	3
3240	7
3241	3
3242	8
3243	18
3244	7
3245	3
3246	8
3246	7
3247	15
3248	8
3248	10
3249	3
3249	7
3250	10
3251	7
3252	3
3252	6
3253	3
3254	3
3255	3
3255	9
3256	3
3257	3
3257	7
3258	3
3258	12
3259	13
3260	9
3260	7
3261	7
3262	7
3263	7
3264	4
3264	2
3265	7
3266	9
3266	7
3266	17
3266	10
3267	9
3267	7
3268	7
3269	3
3269	7
3270	13
3271	14
3272	11
3272	12
3273	3
3274	7
3274	14
3275	3
3275	7
3275	6
3276	11
3277	4
3277	2
3278	11
3279	7
3280	9
3280	10
3281	3
3282	7
3283	11
3284	7
3285	3
3285	6
3286	12
3287	10
3288	13
3289	7
3289	6
3290	3
3290	6
3291	7
3292	7
3293	3
3294	3
3294	9
3294	7
3295	3
3295	7
3296	9
3296	17
3297	18
3298	8
3298	4
3298	14
3299	14
3300	6
3300	18
3301	9
3302	7
3302	10
3303	7
3304	8
3304	14
3305	18
3306	7
3307	12
3308	6
3309	7
3309	14
3310	7
3311	7
3312	17
3313	3
3313	7
3314	7
3315	7
3315	15
3316	8
3317	3
3318	7
3318	16
3319	3
3320	3
3321	8
3321	4
3322	4
3323	3
3324	3
3325	3
3325	5
3326	3
3326	6
3327	3
3328	2
3328	3
3329	2
3329	3
3330	2
3330	3
3331	2
3331	3
3332	1
3332	2
3333	4
3333	12
3334	7
3335	7
3335	10
3336	8
3336	7
3337	8
3337	7
3338	8
3338	4
3338	14
3339	3
3339	7
3340	7
3341	7
3341	10
3342	3
3342	7
3343	7
3344	4
3345	9
3345	7
3346	6
3347	7
3348	7
3349	4
3349	3
3349	12
3350	8
3350	7
3351	3
3351	9
3352	7
3352	10
3353	3
3354	3
3354	6
3355	7
3356	3
3356	7
3357	7
3358	7
3358	6
3359	9
3360	7
3361	1
3361	3
3362	8
3362	7
3363	8
3363	7
3364	8
3364	7
3365	8
3365	7
3366	8
3366	7
3367	9
3367	17
3368	7
3368	6
3369	7
3370	8
3370	2
3370	5
3371	8
3371	2
3371	5
3372	8
3372	2
3372	5
3373	8
3373	14
3374	8
3375	8
3375	7
3375	10
3376	8
3377	16
3377	10
3378	3
3379	7
3380	3
3380	7
3380	14
3381	7
3382	3
3383	3
3383	7
3384	8
3384	6
3385	7
3385	6
3386	3
3386	6
3387	7
3387	10
3388	7
3389	7
3390	7
3390	6
3391	7
3391	11
3392	3
3393	4
3393	7
3393	10
3394	3
3395	3
3396	12
3396	10
3397	7
3398	3
3398	5
3399	7
3399	18
3400	7
3401	7
3402	4
3402	7
3403	7
3403	12
3404	11
3405	3
3406	12
3406	10
3407	7
3407	6
3408	11
3408	16
3408	10
3409	3
3409	7
3410	7
3411	4
3411	5
3411	6
3412	7
3413	3
3414	7
3415	1
3415	2
3416	10
3417	11
3418	12
3419	18
3420	11
3420	12
3421	4
3421	5
3422	11
3423	3
3424	4
3425	11
3426	4
3426	18
3427	3
3427	7
3428	7
3429	3
3430	7
3431	11
3432	3
3432	7
3433	3
3433	6
3434	7
3435	7
3435	12
3436	3
3436	7
3437	10
3438	3
3438	7
3439	3
3440	18
3441	7
3442	7
3442	10
3443	3
3444	7
3444	6
3445	7
3445	10
3446	7
3447	3
3448	3
3448	6
3449	9
3449	7
3450	7
3450	10
3451	8
3451	14
3452	3
3453	3
3453	9
3453	7
3454	7
3455	8
3455	10
3456	3
3456	6
3457	3
3458	3
3458	7
3459	8
3459	12
3459	10
3460	7
3460	6
3461	9
3461	10
3462	3
3463	3
3463	7
3463	6
3464	3
3465	7
3466	3
3467	3
3467	11
3467	10
3468	3
3468	6
3469	3
3469	7
3470	3
3471	13
3472	6
3472	10
3473	8
3474	7
3475	3
3475	7
3476	3
3477	15
3477	14
3478	7
3478	10
3479	7
3480	3
3480	7
3481	15
3482	11
3483	10
3484	3
3485	7
3485	10
3486	7
3486	6
3487	8
3487	10
3488	3
3488	7
3489	10
3490	7
3491	7
3492	7
3493	7
3494	3
3494	7
3495	8
3495	11
3496	2
3496	3
3497	3
3497	7
3498	3
3498	7
3499	3
3500	7
3501	3
3501	7
3502	7
3503	7
3504	11
3504	12
3505	11
3505	12
3506	11
3506	12
3507	7
3508	8
3508	11
3508	12
3509	7
3510	8
3510	7
3511	7
3512	7
3513	7
3514	7
3515	7
3516	8
3516	7
3516	6
3516	10
3517	4
3517	14
3518	7
3519	11
3520	9
3520	7
3521	11
3522	3
3523	3
3523	7
3524	1
3524	12
3525	8
3525	12
3526	7
3527	3
3528	3
3529	3
3530	7
3531	3
3531	15
3532	3
3532	15
3533	3
3533	18
3534	15
3535	3
3536	15
3537	7
3537	15
3538	15
3539	3
3539	7
3539	18
3540	3
3541	13
3542	15
3543	1
3543	2
3543	3
3544	4
3544	15
3544	6
3545	3
3546	3
3546	6
3547	1
3547	2
3548	3
3548	6
3549	3
3550	3
3551	3
3552	3
3552	7
3553	7
3553	11
3554	3
3555	8
3555	10
3556	8
3557	13
3558	3
3559	11
3559	10
3560	8
3560	7
3560	14
3561	3
3562	11
3563	3
3564	3
3565	8
3566	10
3567	8
3568	7
3569	7
3570	8
3570	6
3570	12
3571	8
3572	3
3572	7
3573	7
3574	18
3575	8
3575	7
3575	14
3576	18
3577	7
3578	3
3579	7
3580	11
3580	12
3581	7
3582	11
3583	11
3584	11
3585	13
3586	8
3586	7
3586	14
3587	7
3588	9
3589	7
3590	12
3591	12
3591	10
3592	11
3592	12
3592	10
3593	11
3593	12
3593	10
3594	11
3594	12
3594	10
3595	11
3595	12
3595	10
3596	11
3596	12
3596	10
3597	11
3597	12
3597	10
3598	11
3598	12
3598	10
3599	8
3599	3
3600	7
3600	6
3601	3
3602	14
3603	3
3603	18
3604	4
3604	2
3605	4
3605	2
3606	4
3606	2
3607	15
3608	7
3608	11
3609	13
3610	7
3611	13
3612	13
3613	18
3614	18
3615	7
3615	17
3616	7
3616	6
3617	3
3617	7
3617	6
3618	10
3619	12
3620	3
3621	3
3622	3
3623	3
3624	3
3624	11
3625	3
3625	11
3626	3
3626	11
3627	3
3627	11
3628	3
3628	11
3628	12
3629	8
3629	12
3629	10
3630	8
3630	4
3630	12
3631	4
3631	7
3631	6
3631	12
3632	7
3632	12
3633	9
3633	7
3633	12
3634	8
3634	12
3635	8
3635	12
3636	8
3636	12
3637	8
3637	4
3637	6
3637	10
3638	17
3638	16
3638	10
3639	7
3640	11
3640	10
3641	11
3642	8
3642	3
3643	7
3644	3
3645	7
3646	7
3647	3
3648	8
3648	9
3649	8
3649	9
3650	13
3651	3
3651	6
3652	7
3653	3
3654	3
3655	7
3656	7
3656	14
3657	1
3657	15
3658	8
3658	10
3659	3
3659	11
3660	10
3661	8
3661	9
3662	7
3662	16
3663	7
3663	10
3664	11
3665	7
3666	7
3667	9
3667	7
3668	7
3669	7
3669	18
3670	7
3671	3
3671	6
3672	8
3672	3
3673	9
3673	7
3674	7
3674	14
3675	3
3675	6
3676	8
3676	9
3677	4
3677	1
3677	12
3678	7
3678	14
3679	7
3680	3
3680	6
3681	7
3682	7
3683	1
3683	2
3683	3
3684	3
3685	8
3685	7
3685	14
3686	1
3686	2
3686	3
3687	8
3687	4
3687	10
3688	7
3689	11
3690	7
3690	12
3690	10
3691	1
3691	2
3691	15
3692	3
3693	9
3693	7
3694	11
3695	8
3695	9
3695	10
3696	8
3696	9
3696	10
3697	7
3697	6
3698	8
3698	14
3699	8
3699	14
3700	8
3700	14
3701	8
3702	4
3702	9
3702	12
3702	10
3703	8
3703	4
3704	11
3705	3
3706	3
3707	1
3707	2
3707	15
3708	1
3708	2
3708	15
3709	3
3709	11
3710	3
3710	7
3711	12
3712	12
3713	8
3713	9
3714	8
3714	9
3715	9
3715	7
3716	3
3717	3
3717	11
3718	3
3719	3
3720	7
3720	16
3721	7
3722	7
3723	7
3724	18
3725	8
3725	12
3726	3
3726	7
3727	7
3728	6
3728	10
3729	10
3730	10
3731	1
3731	2
3732	7
3732	6
3733	7
3733	16
3734	8
3734	12
3735	7
3736	3
3737	8
3737	4
3737	7
3738	18
3739	8
3739	4
3740	7
3740	14
3741	3
3742	7
3742	10
3743	7
3743	14
3744	3
3745	7
3746	3
3747	7
3748	3
3748	7
3749	3
3749	15
3750	3
3751	2
3752	3
3753	7
3753	6
3754	7
3755	7
3755	6
3756	7
3757	11
3757	12
3757	10
3758	8
3758	12
3759	3
3760	3
3760	6
3761	3
3761	11
3761	10
3762	3
3763	11
3764	11
3764	12
3765	4
3765	7
3765	6
3766	10
3767	8
3767	3
3767	14
3768	11
3769	11
3770	11
3771	11
3772	8
3772	3
3773	11
3774	11
3775	7
3776	7
3777	3
3778	11
3779	7
3779	10
3780	10
3781	9
3781	10
3782	3
3783	3
3784	7
3785	7
3785	6
3786	7
3786	6
3787	7
3788	10
3789	3
3790	13
3791	9
3792	3
3793	3
3794	12
3794	10
3795	8
3795	4
3795	12
3796	3
3796	13
3797	3
3798	7
3799	3
3800	3
3801	7
3802	7
3802	18
3803	7
3804	3
3804	18
3805	3
3805	6
3806	11
3807	7
3808	8
3808	4
3808	5
3809	12
3810	8
3811	13
3812	13
3813	3
3814	3
3814	7
3815	3
3816	3
3816	6
3817	7
3818	7
3819	7
3819	6
3820	8
3820	4
3820	5
3821	13
3822	9
3822	7
3823	11
3824	3
3824	10
3825	7
3826	9
3826	10
3827	9
3827	10
3828	3
3828	7
3829	8
3829	3
3830	3
3831	3
3831	7
3832	3
3832	7
3833	7
3834	7
3835	7
3836	3
3837	9
3838	7
3839	11
3840	3
3840	6
3841	7
3841	15
3842	3
3843	3
3843	7
3844	13
3845	7
3846	7
3847	7
3848	11
3849	11
3850	11
3851	7
3851	5
3852	3
3853	3
3854	11
3854	12
3855	3
3856	3
3857	4
3857	12
3858	4
3858	12
3859	3
3859	11
3860	3
3861	11
3862	11
3862	12
3863	11
3863	12
3864	11
3864	12
3865	12
3866	11
3867	7
3867	10
3868	12
3868	10
3869	11
3870	11
3871	11
3872	11
3873	11
3874	3
3875	3
3875	7
3876	4
3876	1
3876	2
3877	8
3877	7
3877	10
3878	10
3879	3
3880	7
3881	7
3882	7
3883	7
3883	10
